
CRC not Found
CRC not Found
CRC not Found
CRC not Found
CRC not Found
LC: 59 21 26 21 66 46 A6 21 32 P: 35 00 05 00 04 08 12 00 1F 
LC: 29 21 AC 21 66 46 A6 21 95 P: 3B 00 06 00 04 08 12 00 22 
LC: 69 21 24 21 66 46 A6 21 2C P: 3A 00 07 00 04 08 12 00 02 
LC: 36 21 46 21 66 46 A6 21 51 P: 1D 00 08 00 04 08 12 00 37 
LC: 64 21 56 21 66 46 A6 21 46 P: 0C 00 09 00 04 08 12 00 08 
LC: A6 21 44 21 66 46 A6 21 8C P: 12 00 0A 00 04 08 12 00 2A 
LC: 34 21 54 21 66 46 A6 21 62 P: 03 00 0B 00 04 08 12 00 19 
LC: 96 21 64 21 66 46 A6 21 6D P: 17 00 0C 00 04 08 12 00 0D 
LC: 42 21 6D 21 66 46 A6 21 B6 P: 18 00 0D 00 04 08 12 00 1C 
LC: 56 21 4C 21 66 46 A6 21 A2 P: 09 00 0E 00 04 08 12 00 13 
LC: 64 21 6C 21 66 46 A6 21 25 P: 0C 00 0F 00 04 08 12 00 38 
LC: 99 21 92 21 66 46 A6 21 9A P: 25 00 10 00 04 08 12 00 30 
LC: 31 21 B2 21 66 46 A6 21 54 P: 20 00 11 00 04 08 12 00 0B 
LC: AD 21 A6 21 66 46 A6 21 AC P: 2F 00 12 00 04 08 12 00 06 
LC: 8A 21 A2 21 66 46 A6 21 4D P: 31 00 13 00 04 08 12 00 3C 
LC: 8A 21 B4 21 66 46 A6 21 A1 P: 31 00 14 00 04 08 12 00 2C 
LC: 49 21 94 21 66 46 A6 21 6C P: 34 00 15 00 04 08 12 00 0F 
LC: 8C 21 86 21 66 46 A6 21 B1 P: 2A 00 16 00 04 08 12 00 21 
LC: 29 21 96 21 66 46 A6 21 A6 P: 3B 00 17 00 04 08 12 00 12 
LC: 34 21 42 21 66 46 A6 21 56 P: 03 00 18 00 04 08 12 00 09 
LC: AC 21 62 21 66 46 A6 21 8D P: 06 00 19 00 04 08 12 00 2E 
LC: 9A 21 2A 21 66 46 A6 21 B6 P: 30 00 1A 00 04 08 12 00 1C 
LC: 36 21 6A 21 66 46 A6 21 96 P: 1D 00 1B 00 04 08 12 00 17 
LC: 61 21 B6 21 66 46 A6 21 59 P: 3E 00 1C 00 04 08 12 00 35 
LC: 91 21 36 21 66 46 A6 21 9A P: 24 00 1D 00 04 08 12 00 30 
LC: 84 21 22 21 66 46 A6 21 B1 P: 2B 00 1E 00 04 08 12 00 21 
LC: 69 21 32 21 66 46 A6 21 A6 P: 3A 00 1F 00 04 08 12 00 12 
LC: B1 21 31 21 66 46 A6 21 B5 P: 21 00 20 00 04 08 12 00 23 
LC: 29 21 B1 21 66 46 A6 21 69 P: 3B 00 21 00 04 08 12 00 3A 
LC: 31 21 95 21 66 46 A6 21 B5 P: 20 00 22 00 04 08 12 00 23 
LC: 99 21 B5 21 66 46 A6 21 46 P: 25 00 23 00 04 08 12 00 08 
LC: 61 21 91 21 66 46 A6 21 36 P: 3E 00 24 00 04 08 12 00 1D 
LC: 99 21 99 21 66 46 A6 21 A5 P: 25 00 25 00 04 08 12 00 28 
LC: 8A 21 85 21 66 46 A6 21 B4 P: 31 00 26 00 04 08 12 00 14 
LC: 49 21 89 21 66 46 A6 21 96 P: 34 00 27 00 04 08 12 00 17 
LC: 49 21 A5 21 66 46 A6 21 51 P: 34 00 28 00 04 08 12 00 37 
LC: 31 21 A4 21 66 46 A6 21 6A P: 20 00 29 00 04 08 12 00 1B 
LC: 61 21 8C 21 66 46 A6 21 26 P: 3E 00 2A 00 04 08 12 00 05 
CRC not Found
LC: 8C 21 A1 21 66 46 A6 21 56 P: 2A 00 2C 00 04 08 12 00 09 
LC: 8A 21 A9 21 66 46 A6 21 49 P: 31 00 2D 00 04 08 12 00 34 
LC: 8C 21 8D 21 66 46 A6 21 A4 P: 2A 00 2E 00 04 08 12 00 29 
LC: AD 21 AD 21 66 46 A6 21 4C P: 2F 00 2F 00 04 08 12 00 0E 
LC: 61 21 9A 21 66 46 A6 21 94 P: 3E 00 30 00 04 08 12 00 15 
LC: AD 21 8A 21 66 46 A6 21 85 P: 2F 00 31 00 04 08 12 00 26 
LC: 56 21 5A 21 66 46 A6 21 34 P: 09 00 32 00 04 08 12 00 03 
LC: 42 21 4A 21 66 46 A6 21 49 P: 18 00 33 00 04 08 12 00 34 
LC: 34 21 49 21 66 46 A6 21 35 P: 03 00 34 00 04 08 12 00 01 
LC: A6 21 59 21 66 46 A6 21 5A P: 12 00 35 00 04 08 12 00 32 
LC: A6 21 52 21 66 46 A6 21 69 P: 12 00 36 00 04 08 12 00 3A 
LC: 56 21 51 21 66 46 A6 21 54 P: 09 00 37 00 04 08 12 00 0B 
LC: 8D 21 25 21 66 46 A6 21 8D P: 2E 00 38 00 04 08 12 00 2E 
LC: 59 21 2D 21 66 46 A6 21 96 P: 35 00 39 00 04 08 12 00 17 
LC: AC 21 69 21 66 46 A6 21 85 P: 06 00 3A 00 04 08 12 00 26 
LC: 84 21 29 21 66 46 A6 21 A4 P: 2B 00 3B 00 04 08 12 00 29 
LC: 36 21 4D 21 66 46 A6 21 65 P: 1D 00 3C 00 04 08 12 00 3F 
CRC not Found
LC: 36 21 61 21 66 46 A6 21 32 P: 1D 00 3E 00 04 08 12 00 1F 
LC: 34 21 65 21 66 46 A6 21 B1 P: 03 00 3F 00 04 08 12 00 21 
CRC not Found
CRC not Found
CRC not Found
CRC not Found
CRC not Found
LC: 6C 21 26 35 66 46 A6 21 AC P: 0F 00 05 01 04 08 12 00 06 
LC: 35 21 AC 35 66 46 A6 21 29 P: 01 00 06 01 04 08 12 00 3B 
LC: 21 21 24 35 66 46 A6 21 6A P: 00 00 07 01 04 08 12 00 1B 
LC: 89 21 46 35 66 46 A6 21 8D P: 27 00 08 01 04 08 12 00 2E 
LC: 52 21 56 35 66 46 A6 21 36 P: 36 00 09 01 04 08 12 00 1D 
LC: A5 21 44 35 66 46 A6 21 4A P: 28 00 0A 01 04 08 12 00 33 
CRC not Found
LC: A9 21 64 35 66 46 A6 21 42 P: 2D 00 0C 01 04 08 12 00 18 
LC: 95 21 6D 35 66 46 A6 21 35 P: 22 00 0D 01 04 08 12 00 01 
LC: 4A 21 4C 35 66 46 A6 21 44 P: 33 00 0E 01 04 08 12 00 0A 
LC: 52 21 6C 35 66 46 A6 21 A9 P: 36 00 0F 01 04 08 12 00 2D 
LC: 32 21 92 35 66 46 A6 21 59 P: 1F 00 10 01 04 08 12 00 35 
LC: 2A 21 B2 35 66 46 A6 21 A6 P: 1A 00 11 01 04 08 12 00 12 
LC: 94 21 A6 35 66 46 A6 21 32 P: 15 00 12 01 04 08 12 00 1F 
LC: 54 21 A2 35 66 46 A6 21 B1 P: 0B 00 13 01 04 08 12 00 21 
LC: 54 21 B4 35 66 46 A6 21 8A P: 0B 00 14 01 04 08 12 00 31 
LC: 4C 21 94 35 66 46 A6 21 86 P: 0E 00 15 01 04 08 12 00 16 
LC: 92 21 86 35 66 46 A6 21 4D P: 10 00 16 01 04 08 12 00 3C 
LC: 35 21 96 35 66 46 A6 21 54 P: 01 00 17 01 04 08 12 00 0B 
LC: 2D 21 42 35 66 46 A6 21 B4 P: 39 00 18 01 04 08 12 00 14 
LC: 4D 21 62 35 66 46 A6 21 51 P: 3C 00 19 01 04 08 12 00 37 
LC: 44 21 2A 35 66 46 A6 21 35 P: 0A 00 1A 01 04 08 12 00 01 
LC: 89 21 6A 35 66 46 A6 21 4C P: 27 00 1B 01 04 08 12 00 0E 
LC: 66 21 B6 35 66 46 A6 21 9A P: 04 00 1C 01 04 08 12 00 30 
LC: 22 21 36 35 66 46 A6 21 59 P: 1E 00 1D 01 04 08 12 00 35 
LC: B2 21 22 35 66 46 A6 21 4D P: 11 00 1E 01 04 08 12 00 3C 
LC: 21 21 32 35 66 46 A6 21 54 P: 00 00 1F 01 04 08 12 00 0B 
LC: 6A 21 31 35 66 46 A6 21 69 P: 1B 00 20 01 04 08 12 00 3A 
LC: 35 21 B1 35 66 46 A6 21 B5 P: 01 00 21 01 04 08 12 00 23 
LC: 2A 21 95 35 66 46 A6 21 69 P: 1A 00 22 01 04 08 12 00 3A 
LC: 32 21 B5 35 66 46 A6 21 36 P: 1F 00 23 01 04 08 12 00 1D 
LC: 66 21 91 35 66 46 A6 21 46 P: 04 00 24 01 04 08 12 00 08 
LC: 32 21 99 35 66 46 A6 21 45 P: 1F 00 25 01 04 08 12 00 3D 
LC: 54 21 85 35 66 46 A6 21 56 P: 0B 00 26 01 04 08 12 00 09 
LC: 4C 21 89 35 66 46 A6 21 4C P: 0E 00 27 01 04 08 12 00 0E 
LC: 4C 21 A5 35 66 46 A6 21 8D P: 0E 00 28 01 04 08 12 00 2E 
LC: 2A 21 A4 35 66 46 A6 21 2C P: 1A 00 29 01 04 08 12 00 02 
LC: 66 21 8C 35 66 46 A6 21 31 P: 04 00 2A 01 04 08 12 00 20 
LC: 32 21 84 35 66 46 A6 21 99 P: 1F 00 2B 01 04 08 12 00 25 
LC: 92 21 A1 35 66 46 A6 21 B4 P: 10 00 2C 01 04 08 12 00 14 
LC: 54 21 A9 35 66 46 A6 21 A4 P: 0B 00 2D 01 04 08 12 00 29 
LC: 92 21 8D 35 66 46 A6 21 49 P: 10 00 2E 01 04 08 12 00 34 
LC: 94 21 AD 35 66 46 A6 21 96 P: 15 00 2F 01 04 08 12 00 17 
LC: 66 21 9A 35 66 46 A6 21 92 P: 04 00 30 01 04 08 12 00 10 
LC: 94 21 8A 35 66 46 A6 21 65 P: 15 00 31 01 04 08 12 00 3F 
LC: 4A 21 5A 35 66 46 A6 21 2A P: 33 00 32 01 04 08 12 00 1A 
LC: 95 21 4A 35 66 46 A6 21 A4 P: 22 00 33 01 04 08 12 00 29 
LC: 2D 21 49 35 66 46 A6 21 B6 P: 39 00 34 01 04 08 12 00 1C 
LC: A5 21 59 35 66 46 A6 21 84 P: 28 00 35 01 04 08 12 00 2B 
LC: A5 21 52 35 66 46 A6 21 B5 P: 28 00 36 01 04 08 12 00 23 
LC: 4A 21 51 35 66 46 A6 21 A6 P: 33 00 37 01 04 08 12 00 12 
LC: B4 21 25 35 66 46 A6 21 51 P: 14 00 38 01 04 08 12 00 37 
LC: 6C 21 2D 35 66 46 A6 21 4C P: 0F 00 39 01 04 08 12 00 0E 
LC: 4D 21 69 35 66 46 A6 21 65 P: 3C 00 3A 01 04 08 12 00 3F 
LC: B2 21 29 35 66 46 A6 21 49 P: 11 00 3B 01 04 08 12 00 34 
LC: 89 21 4D 35 66 46 A6 21 85 P: 27 00 3C 01 04 08 12 00 26 
LC: 4D 21 45 35 66 46 A6 21 32 P: 3C 00 3D 01 04 08 12 00 1F 
LC: 89 21 61 35 66 46 A6 21 AC P: 27 00 3E 01 04 08 12 00 06 
LC: 2D 21 65 35 66 46 A6 21 4D P: 39 00 3F 01 04 08 12 00 3C 
CRC not Found
CRC not Found
CRC not Found
LC: B4 21 34 2C 66 46 A6 21 4A P: 14 00 03 02 04 08 12 00 33 
CRC not Found
LC: 44 21 26 2C 66 46 A6 21 36 P: 0A 00 05 02 04 08 12 00 1D 
LC: 66 21 AC 2C 66 46 A6 21 91 P: 04 00 06 02 04 08 12 00 24 
LC: 26 21 24 2C 66 46 A6 21 66 P: 05 00 07 02 04 08 12 00 04 
LC: 95 21 46 2C 66 46 A6 21 59 P: 22 00 08 02 04 08 12 00 35 
LC: 4A 21 56 2C 66 46 A6 21 AC P: 33 00 09 02 04 08 12 00 06 
LC: A9 21 44 2C 66 46 A6 21 A1 P: 2D 00 0A 02 04 08 12 00 2C 
LC: 4D 21 54 2C 66 46 A6 21 6A P: 3C 00 0B 02 04 08 12 00 1B 
LC: A5 21 64 2C 66 46 A6 21 6C P: 28 00 0C 02 04 08 12 00 0F 
LC: 89 21 6D 2C 66 46 A6 21 2A P: 27 00 0D 02 04 08 12 00 1A 
LC: 52 21 4C 2C 66 46 A6 21 B2 P: 36 00 0E 02 04 08 12 00 11 
LC: 4A 21 6C 2C 66 46 A6 21 52 P: 33 00 0F 02 04 08 12 00 36 
LC: 2A 21 92 2C 66 46 A6 21 8D P: 1A 00 10 02 04 08 12 00 2E 
LC: 32 21 B2 2C 66 46 A6 21 56 P: 1F 00 11 02 04 08 12 00 09 
LC: 92 21 A6 2C 66 46 A6 21 46 P: 10 00 12 02 04 08 12 00 08 
LC: 4C 21 A2 2C 66 46 A6 21 69 P: 0E 00 13 02 04 08 12 00 3A 
LC: 4C 21 B4 2C 66 46 A6 21 8C P: 0E 00 14 02 04 08 12 00 2A 
LC: 54 21 94 2C 66 46 A6 21 6D P: 0B 00 15 02 04 08 12 00 0D 
LC: 94 21 86 2C 66 46 A6 21 B5 P: 15 00 16 02 04 08 12 00 23 
LC: 66 21 96 2C 66 46 A6 21 B4 P: 04 00 17 02 04 08 12 00 14 
LC: 4D 21 42 2C 66 46 A6 21 54 P: 3C 00 18 02 04 08 12 00 0B 
LC: 2D 21 62 2C 66 46 A6 21 9A P: 39 00 19 02 04 08 12 00 30 
LC: 6C 21 2A 2C 66 46 A6 21 2A P: 0F 00 1A 02 04 08 12 00 1A 
LC: 95 21 6A 2C 66 46 A6 21 94 P: 22 00 1B 02 04 08 12 00 15 
LC: 35 21 B6 2C 66 46 A6 21 51 P: 01 00 1C 02 04 08 12 00 37 
LC: 6A 21 36 2C 66 46 A6 21 8D P: 1B 00 1D 02 04 08 12 00 2E 
LC: B4 21 22 2C 66 46 A6 21 B5 P: 14 00 1E 02 04 08 12 00 23 
LC: 26 21 32 2C 66 46 A6 21 B4 P: 05 00 1F 02 04 08 12 00 14 
LC: 22 21 31 2C 66 46 A6 21 B1 P: 1E 00 20 02 04 08 12 00 21 
LC: 66 21 B1 2C 66 46 A6 21 4D P: 04 00 21 02 04 08 12 00 3C 
LC: 32 21 95 2C 66 46 A6 21 B1 P: 1F 00 22 02 04 08 12 00 21 
CRC not Found
LC: 35 21 91 2C 66 46 A6 21 32 P: 01 00 24 02 04 08 12 00 1F 
LC: 2A 21 99 2C 66 46 A6 21 85 P: 1A 00 25 02 04 08 12 00 26 
LC: 4C 21 85 2C 66 46 A6 21 A6 P: 0E 00 26 02 04 08 12 00 12 
LC: 54 21 89 2C 66 46 A6 21 94 P: 0B 00 27 02 04 08 12 00 15 
LC: 54 21 A5 2C 66 46 A6 21 59 P: 0B 00 28 02 04 08 12 00 35 
LC: 32 21 A4 2C 66 46 A6 21 62 P: 1F 00 29 02 04 08 12 00 19 
LC: 35 21 8C 2C 66 46 A6 21 24 P: 01 00 2A 02 04 08 12 00 07 
LC: 2A 21 84 2C 66 46 A6 21 61 P: 1A 00 2B 02 04 08 12 00 3E 
LC: 94 21 A1 2C 66 46 A6 21 54 P: 15 00 2C 02 04 08 12 00 0B 
LC: 4C 21 A9 2C 66 46 A6 21 5A P: 0E 00 2D 02 04 08 12 00 32 
LC: 94 21 8D 2C 66 46 A6 21 84 P: 15 00 2E 02 04 08 12 00 2B 
LC: 92 21 AD 2C 66 46 A6 21 92 P: 10 00 2F 02 04 08 12 00 10 
LC: 35 21 9A 2C 66 46 A6 21 96 P: 01 00 30 02 04 08 12 00 17 
LC: 92 21 8A 2C 66 46 A6 21 A5 P: 10 00 31 02 04 08 12 00 28 
LC: 52 21 5A 2C 66 46 A6 21 35 P: 36 00 32 02 04 08 12 00 01 
LC: 89 21 4A 2C 66 46 A6 21 5A P: 27 00 33 02 04 08 12 00 32 
LC: 4D 21 49 2C 66 46 A6 21 34 P: 3C 00 34 02 04 08 12 00 03 
LC: A9 21 59 2C 66 46 A6 21 49 P: 2D 00 35 02 04 08 12 00 34 
LC: A9 21 52 2C 66 46 A6 21 4D P: 2D 00 36 02 04 08 12 00 3C 
LC: 52 21 51 2C 66 46 A6 21 56 P: 36 00 37 02 04 08 12 00 09 
LC: B2 21 25 2C 66 46 A6 21 9A P: 11 00 38 02 04 08 12 00 30 
LC: 44 21 2D 2C 66 46 A6 21 94 P: 0A 00 39 02 04 08 12 00 15 
LC: 2D 21 69 2C 66 46 A6 21 A5 P: 39 00 3A 02 04 08 12 00 28 
LC: B4 21 29 2C 66 46 A6 21 84 P: 14 00 3B 02 04 08 12 00 2B 
LC: 95 21 4D 2C 66 46 A6 21 45 P: 22 00 3C 02 04 08 12 00 3D 
LC: 2D 21 45 2C 66 46 A6 21 46 P: 39 00 3D 02 04 08 12 00 08 
LC: 95 21 61 2C 66 46 A6 21 36 P: 22 00 3E 02 04 08 12 00 1D 
LC: 4D 21 65 2C 66 46 A6 21 B5 P: 3C 00 3F 02 04 08 12 00 23 
CRC not Found
LC: 8A 21 35 34 66 46 A6 21 5A P: 31 00 01 03 04 08 12 00 32 
CRC not Found
CRC not Found
LC: 86 21 66 34 66 46 A6 21 65 P: 16 00 04 03 04 08 12 00 3F 
CRC not Found
LC: 59 21 AC 34 66 46 A6 21 6D P: 35 00 06 03 04 08 12 00 0D 
LC: 49 21 24 34 66 46 A6 21 A9 P: 34 00 07 03 04 08 12 00 2D 
LC: A2 21 46 34 66 46 A6 21 B6 P: 13 00 08 03 04 08 12 00 1C 
LC: 2C 21 56 34 66 46 A6 21 84 P: 02 00 09 03 04 08 12 00 2B 
LC: B6 21 44 34 66 46 A6 21 26 P: 1C 00 0A 03 04 08 12 00 05 
LC: 6D 21 54 34 66 46 A6 21 52 P: 0D 00 0B 03 04 08 12 00 36 
LC: 62 21 64 34 66 46 A6 21 95 P: 19 00 0C 03 04 08 12 00 22 
LC: 86 21 6D 34 66 46 A6 21 51 P: 16 00 0D 03 04 08 12 00 37 
CRC not Found
LC: 2C 21 6C 34 66 46 A6 21 6A P: 02 00 0F 03 04 08 12 00 1B 
LC: 84 21 92 34 66 46 A6 21 34 P: 2B 00 10 03 04 08 12 00 03 
LC: 8D 21 B2 34 66 46 A6 21 A5 P: 2E 00 11 03 04 08 12 00 28 
LC: B1 21 A6 34 66 46 A6 21 A4 P: 21 00 12 03 04 08 12 00 29 
LC: 65 21 A2 34 66 46 A6 21 96 P: 3F 00 13 03 04 08 12 00 17 
LC: 65 21 B4 34 66 46 A6 21 24 P: 3F 00 14 03 04 08 12 00 07 
LC: 69 21 94 34 66 46 A6 21 91 P: 3A 00 15 03 04 08 12 00 24 
LC: 91 21 86 34 66 46 A6 21 4C P: 24 00 16 03 04 08 12 00 0E 
LC: 59 21 96 34 66 46 A6 21 45 P: 35 00 17 03 04 08 12 00 3D 
LC: 6D 21 42 34 66 46 A6 21 85 P: 0D 00 18 03 04 08 12 00 26 
LC: 46 21 62 34 66 46 A6 21 35 P: 08 00 19 03 04 08 12 00 01 
LC: 61 21 2A 34 66 46 A6 21 51 P: 3E 00 1A 03 04 08 12 00 37 
LC: A2 21 6A 34 66 46 A6 21 4D P: 13 00 1B 03 04 08 12 00 3C 
LC: 9A 21 B6 34 66 46 A6 21 2A P: 30 00 1C 03 04 08 12 00 1A 
LC: 8C 21 36 34 66 46 A6 21 34 P: 2A 00 1D 03 04 08 12 00 03 
LC: 99 21 22 34 66 46 A6 21 4C P: 25 00 1E 03 04 08 12 00 0E 
LC: 49 21 32 34 66 46 A6 21 45 P: 34 00 1F 03 04 08 12 00 3D 
LC: AD 21 31 34 66 46 A6 21 92 P: 2F 00 20 03 04 08 12 00 10 
LC: 59 21 B1 34 66 46 A6 21 94 P: 35 00 21 03 04 08 12 00 15 
LC: 8D 21 95 34 66 46 A6 21 92 P: 2E 00 22 03 04 08 12 00 10 
LC: 84 21 B5 34 66 46 A6 21 84 P: 2B 00 23 03 04 08 12 00 2B 
LC: 9A 21 91 34 66 46 A6 21 5A P: 30 00 24 03 04 08 12 00 32 
LC: 84 21 99 34 66 46 A6 21 54 P: 2B 00 25 03 04 08 12 00 0B 
LC: 65 21 85 34 66 46 A6 21 65 P: 3F 00 26 03 04 08 12 00 3F 
CRC not Found
LC: 69 21 89 34 66 46 A6 21 4D P: 3A 00 27 03 04 08 12 00 3C 
LC: 69 21 A5 34 66 46 A6 21 B6 P: 3A 00 28 03 04 08 12 00 1C 
LC: 8D 21 A4 34 66 46 A6 21 25 P: 2E 00 29 03 04 08 12 00 38 
LC: 9A 21 8C 34 66 46 A6 21 8C P: 30 00 2A 03 04 08 12 00 2A 
LC: 84 21 84 34 66 46 A6 21 A2 P: 2B 00 2B 03 04 08 12 00 13 
LC: 91 21 A1 34 66 46 A6 21 85 P: 24 00 2C 03 04 08 12 00 26 
LC: 65 21 A9 34 66 46 A6 21 32 P: 3F 00 2D 03 04 08 12 00 1F 
CRC not Found
LC: B1 21 AD 34 66 46 A6 21 B1 P: 21 00 2F 03 04 08 12 00 21 
LC: 9A 21 9A 34 66 46 A6 21 69 P: 30 00 30 03 04 08 12 00 3A 
LC: B1 21 8A 34 66 46 A6 21 56 P: 21 00 31 03 04 08 12 00 09 
LC: 24 21 5A 34 66 46 A6 21 9A P: 07 00 32 03 04 08 12 00 30 
LC: 86 21 4A 34 66 46 A6 21 32 P: 16 00 33 03 04 08 12 00 1F 
LC: 6D 21 49 34 66 46 A6 21 8D P: 0D 00 34 03 04 08 12 00 2E 
LC: B6 21 59 34 66 46 A6 21 36 P: 1C 00 35 03 04 08 12 00 1D 
LC: B6 21 52 34 66 46 A6 21 94 P: 1C 00 36 03 04 08 12 00 15 
LC: 24 21 51 34 66 46 A6 21 A5 P: 07 00 37 03 04 08 12 00 28 
LC: 31 21 25 34 66 46 A6 21 35 P: 20 00 38 03 04 08 12 00 01 
LC: 29 21 2D 34 66 46 A6 21 4D P: 3B 00 39 03 04 08 12 00 3C 
LC: 46 21 69 34 66 46 A6 21 56 P: 08 00 3A 03 04 08 12 00 09 
LC: 99 21 29 34 66 46 A6 21 AC P: 25 00 3B 03 04 08 12 00 06 
LC: A2 21 4D 34 66 46 A6 21 B4 P: 13 00 3C 03 04 08 12 00 14 
LC: 46 21 45 34 66 46 A6 21 A4 P: 08 00 3D 03 04 08 12 00 29 
CRC not Found
LC: 6D 21 65 34 66 46 A6 21 4C P: 0D 00 3F 03 04 08 12 00 0E 
CRC not Found
CRC not Found
CRC not Found
LC: 99 21 34 66 66 46 A6 21 31 P: 25 00 03 04 04 08 12 00 20 
CRC not Found
CRC not Found
LC: 59 21 AC 66 66 46 A6 21 6C P: 35 00 06 04 04 08 12 00 0F 
LC: 49 21 24 66 66 46 A6 21 AD P: 34 00 07 04 04 08 12 00 2F 
LC: A2 21 46 66 66 46 A6 21 2A P: 13 00 08 04 04 08 12 00 1A 
LC: 2C 21 56 66 66 46 A6 21 A4 P: 02 00 09 04 04 08 12 00 29 
LC: B6 21 44 66 66 46 A6 21 24 P: 1C 00 0A 04 04 08 12 00 07 
LC: 6D 21 54 66 66 46 A6 21 25 P: 0D 00 0B 04 04 08 12 00 38 
LC: 62 21 64 66 66 46 A6 21 91 P: 19 00 0C 04 04 08 12 00 24 
LC: 86 21 6D 66 66 46 A6 21 59 P: 16 00 0D 04 04 08 12 00 35 
LC: 24 21 4C 66 66 46 A6 21 61 P: 07 00 0E 04 04 08 12 00 3E 
LC: 2C 21 6C 66 66 46 A6 21 62 P: 02 00 0F 04 04 08 12 00 19 
LC: 84 21 92 66 66 46 A6 21 35 P: 2B 00 10 04 04 08 12 00 01 
LC: 8D 21 B2 66 66 46 A6 21 85 P: 2E 00 11 04 04 08 12 00 26 
LC: B1 21 A6 66 66 46 A6 21 84 P: 21 00 12 04 04 08 12 00 2B 
LC: 65 21 A2 66 66 46 A6 21 94 P: 3F 00 13 04 04 08 12 00 15 
LC: 65 21 B4 66 66 46 A6 21 26 P: 3F 00 14 04 04 08 12 00 05 
LC: 69 21 94 66 66 46 A6 21 95 P: 3A 00 15 04 04 08 12 00 22 
LC: 91 21 86 66 66 46 A6 21 92 P: 24 00 16 04 04 08 12 00 10 
LC: 59 21 96 66 66 46 A6 21 65 P: 35 00 17 04 04 08 12 00 3F 
LC: 6D 21 42 66 66 46 A6 21 A5 P: 0D 00 18 04 04 08 12 00 28 
LC: 46 21 62 66 66 46 A6 21 34 P: 08 00 19 04 04 08 12 00 03 
LC: 61 21 2A 66 66 46 A6 21 59 P: 3E 00 1A 04 04 08 12 00 35 
LC: A2 21 6A 66 66 46 A6 21 69 P: 13 00 1B 04 04 08 12 00 3A 
LC: 9A 21 B6 66 66 46 A6 21 B6 P: 30 00 1C 04 04 08 12 00 1C 
LC: 8C 21 36 66 66 46 A6 21 35 P: 2A 00 1D 04 04 08 12 00 01 
LC: 99 21 22 66 66 46 A6 21 92 P: 25 00 1E 04 04 08 12 00 10 
LC: 49 21 32 66 66 46 A6 21 65 P: 34 00 1F 04 04 08 12 00 3F 
LC: AD 21 31 66 66 46 A6 21 4C P: 2F 00 20 04 04 08 12 00 0E 
LC: 59 21 B1 66 66 46 A6 21 96 P: 35 00 21 04 04 08 12 00 17 
LC: 8D 21 95 66 66 46 A6 21 4C P: 2E 00 22 04 04 08 12 00 0E 
LC: 84 21 B5 66 66 46 A6 21 A4 P: 2B 00 23 04 04 08 12 00 29 
LC: 9A 21 91 66 66 46 A6 21 49 P: 30 00 24 04 04 08 12 00 34 
LC: 84 21 99 66 66 46 A6 21 56 P: 2B 00 25 04 04 08 12 00 09 
LC: 65 21 85 66 66 46 A6 21 45 P: 3F 00 26 04 04 08 12 00 3D 
LC: 69 21 89 66 66 46 A6 21 69 P: 3A 00 27 04 04 08 12 00 3A 
LC: 69 21 A5 66 66 46 A6 21 2A P: 3A 00 28 04 04 08 12 00 1A 
LC: 8D 21 A4 66 66 46 A6 21 52 P: 2E 00 29 04 04 08 12 00 36 
LC: 9A 21 8C 66 66 46 A6 21 A1 P: 30 00 2A 04 04 08 12 00 2C 
LC: 84 21 84 66 66 46 A6 21 B2 P: 2B 00 2B 04 04 08 12 00 11 
LC: 91 21 A1 66 66 46 A6 21 A5 P: 24 00 2C 04 04 08 12 00 28 
LC: 65 21 A9 66 66 46 A6 21 36 P: 3F 00 2D 04 04 08 12 00 1D 
LC: 91 21 8D 66 66 46 A6 21 46 P: 24 00 2E 04 04 08 12 00 08 
LC: B1 21 AD 66 66 46 A6 21 B5 P: 21 00 2F 04 04 08 12 00 23 
LC: 9A 21 9A 66 66 46 A6 21 4D P: 30 00 30 04 04 08 12 00 3C 
LC: B1 21 8A 66 66 46 A6 21 54 P: 21 00 31 04 04 08 12 00 0B 
LC: 24 21 5A 66 66 46 A6 21 8D P: 07 00 32 04 04 08 12 00 2E 
LC: 86 21 4A 66 66 46 A6 21 36 P: 16 00 33 04 04 08 12 00 1D 
LC: 6D 21 49 66 66 46 A6 21 9A P: 0D 00 34 04 04 08 12 00 30 
LC: B6 21 59 66 66 46 A6 21 32 P: 1C 00 35 04 04 08 12 00 1F 
LC: B6 21 52 66 66 46 A6 21 96 P: 1C 00 36 04 04 08 12 00 17 
LC: 24 21 51 66 66 46 A6 21 85 P: 07 00 37 04 04 08 12 00 26 
LC: 31 21 25 66 66 46 A6 21 34 P: 20 00 38 04 04 08 12 00 03 
LC: 29 21 2D 66 66 46 A6 21 69 P: 3B 00 39 04 04 08 12 00 3A 
LC: 46 21 69 66 66 46 A6 21 54 P: 08 00 3A 04 04 08 12 00 0B 
LC: 99 21 29 66 66 46 A6 21 46 P: 25 00 3B 04 04 08 12 00 08 
LC: A2 21 4D 66 66 46 A6 21 A6 P: 13 00 3C 04 04 08 12 00 12 
LC: 46 21 45 66 66 46 A6 21 84 P: 08 00 3D 04 04 08 12 00 2B 
LC: A2 21 61 66 66 46 A6 21 5A P: 13 00 3E 04 04 08 12 00 32 
LC: 6D 21 65 66 66 46 A6 21 92 P: 0D 00 3F 04 04 08 12 00 10 
LC: 5A 21 21 26 66 46 A6 21 36 P: 32 00 00 05 04 08 12 00 1D 
LC: 45 21 35 26 66 46 A6 21 B4 P: 3D 00 01 05 04 08 12 00 14 
LC: B5 21 2C 26 66 46 A6 21 52 P: 23 00 02 05 04 08 12 00 36 
CRC not Found
LC: 2A 21 66 26 66 46 A6 21 36 P: 1A 00 04 05 04 08 12 00 1D 
CRC not Found
CRC not Found
LC: 25 21 24 26 66 46 A6 21 6C P: 38 00 07 05 04 08 12 00 0F 
LC: 32 21 46 26 66 46 A6 21 69 P: 1F 00 08 05 04 08 12 00 3A 
LC: 4C 21 56 26 66 46 A6 21 56 P: 0E 00 09 05 04 08 12 00 09 
LC: 92 21 44 26 66 46 A6 21 89 P: 10 00 0A 05 04 08 12 00 27 
LC: 35 21 54 26 66 46 A6 21 42 P: 01 00 0B 05 04 08 12 00 18 
LC: 94 21 64 26 66 46 A6 21 66 P: 15 00 0C 05 04 08 12 00 04 
LC: 2A 21 6D 26 66 46 A6 21 94 P: 1A 00 0D 05 04 08 12 00 15 
LC: 54 21 4C 26 66 46 A6 21 22 P: 0B 00 0E 05 04 08 12 00 1E 
LC: 4C 21 6C 26 66 46 A6 21 2D P: 0E 00 0F 05 04 08 12 00 39 
LC: 89 21 92 26 66 46 A6 21 B1 P: 27 00 10 05 04 08 12 00 21 
CRC not Found
LC: A9 21 A6 26 66 46 A6 21 54 P: 2D 00 12 05 04 08 12 00 0B 
LC: 4A 21 A2 26 66 46 A6 21 59 P: 33 00 13 05 04 08 12 00 35 
LC: 4A 21 B4 26 66 46 A6 21 99 P: 33 00 14 05 04 08 12 00 25 
LC: 52 21 94 26 66 46 A6 21 2C P: 36 00 15 05 04 08 12 00 02 
LC: A5 21 86 26 66 46 A6 21 9A P: 28 00 16 05 04 08 12 00 30 
LC: 2D 21 96 26 66 46 A6 21 32 P: 39 00 17 05 04 08 12 00 1F 
LC: 35 21 42 26 66 46 A6 21 46 P: 01 00 18 05 04 08 12 00 08 
LC: 66 21 62 26 66 46 A6 21 B5 P: 04 00 19 05 04 08 12 00 23 
LC: 5A 21 2A 26 66 46 A6 21 94 P: 32 00 1A 05 04 08 12 00 15 
LC: 32 21 6A 26 66 46 A6 21 2A P: 1F 00 1B 05 04 08 12 00 1A 
LC: 4D 21 B6 26 66 46 A6 21 4D P: 3C 00 1C 05 04 08 12 00 3C 
LC: 85 21 36 26 66 46 A6 21 B1 P: 26 00 1D 05 04 08 12 00 21 
LC: A4 21 22 26 66 46 A6 21 9A P: 29 00 1E 05 04 08 12 00 30 
LC: 25 21 32 26 66 46 A6 21 32 P: 38 00 1F 05 04 08 12 00 1F 
LC: B5 21 31 26 66 46 A6 21 8D P: 23 00 20 05 04 08 12 00 2E 
LC: 2D 21 B1 26 66 46 A6 21 51 P: 39 00 21 05 04 08 12 00 37 
LC: 95 21 95 26 66 46 A6 21 8D P: 22 00 22 05 04 08 12 00 2E 
LC: 89 21 B5 26 66 46 A6 21 56 P: 27 00 23 05 04 08 12 00 09 
LC: 4D 21 91 26 66 46 A6 21 B4 P: 3C 00 24 05 04 08 12 00 14 
LC: 89 21 99 26 66 46 A6 21 A4 P: 27 00 25 05 04 08 12 00 29 
LC: 4A 21 85 26 66 46 A6 21 36 P: 33 00 26 05 04 08 12 00 1D 
LC: 52 21 89 26 66 46 A6 21 2A P: 36 00 27 05 04 08 12 00 1A 
LC: 52 21 A5 26 66 46 A6 21 69 P: 36 00 28 05 04 08 12 00 3A 
LC: 95 21 A4 26 66 46 A6 21 86 P: 22 00 29 05 04 08 12 00 16 
LC: 4D 21 8C 26 66 46 A6 21 64 P: 3C 00 2A 05 04 08 12 00 0C 
LC: 89 21 84 26 66 46 A6 21 8A P: 27 00 2B 05 04 08 12 00 31 
LC: A5 21 A1 26 66 46 A6 21 46 P: 28 00 2C 05 04 08 12 00 08 
LC: 4A 21 A9 26 66 46 A6 21 45 P: 33 00 2D 05 04 08 12 00 3D 
LC: A5 21 8D 26 66 46 A6 21 A5 P: 28 00 2E 05 04 08 12 00 28 
LC: A9 21 AD 26 66 46 A6 21 34 P: 2D 00 2F 05 04 08 12 00 03 
LC: 4D 21 9A 26 66 46 A6 21 B6 P: 3C 00 30 05 04 08 12 00 1C 
LC: A9 21 8A 26 66 46 A6 21 84 P: 2D 00 31 05 04 08 12 00 2B 
LC: 54 21 5A 26 66 46 A6 21 4C P: 0B 00 32 05 04 08 12 00 0E 
LC: 2A 21 4A 26 66 46 A6 21 45 P: 1A 00 33 05 04 08 12 00 3D 
LC: 35 21 49 26 66 46 A6 21 92 P: 01 00 34 05 04 08 12 00 10 
LC: 92 21 59 26 66 46 A6 21 65 P: 10 00 35 05 04 08 12 00 3F 
LC: 92 21 52 26 66 46 A6 21 51 P: 10 00 36 05 04 08 12 00 37 
LC: 54 21 51 26 66 46 A6 21 AC P: 0B 00 37 05 04 08 12 00 06 
LC: A1 21 25 26 66 46 A6 21 B5 P: 2C 00 38 05 04 08 12 00 23 
LC: 51 21 2D 26 66 46 A6 21 2A P: 37 00 39 05 04 08 12 00 1A 
LC: 66 21 69 26 66 46 A6 21 84 P: 04 00 3A 05 04 08 12 00 2B 
LC: A4 21 29 26 66 46 A6 21 A5 P: 29 00 3B 05 04 08 12 00 28 
LC: 32 21 4D 26 66 46 A6 21 5A P: 1F 00 3C 05 04 08 12 00 32 
LC: 66 21 45 26 66 46 A6 21 54 P: 04 00 3D 05 04 08 12 00 0B 
LC: 32 21 61 26 66 46 A6 21 A6 P: 1F 00 3E 05 04 08 12 00 12 
LC: 35 21 65 26 66 46 A6 21 9A P: 01 00 3F 05 04 08 12 00 30 
LC: 9A 21 21 AC 66 46 A6 21 96 P: 30 00 00 06 04 08 12 00 17 
LC: 65 21 35 AC 66 46 A6 21 2A P: 3F 00 01 06 04 08 12 00 1A 
CRC not Found
LC: 84 21 34 AC 66 46 A6 21 52 P: 2B 00 03 06 04 08 12 00 36 
LC: 42 21 66 AC 66 46 A6 21 96 P: 18 00 04 06 04 08 12 00 17 
LC: 59 21 26 AC 66 46 A6 21 B6 P: 35 00 05 06 04 08 12 00 1C 
LC: 29 21 AC AC 66 46 A6 21 99 P: 3B 00 06 06 04 08 12 00 25 
LC: 69 21 24 AC 66 46 A6 21 26 P: 3A 00 07 06 04 08 12 00 05 
LC: 36 21 46 AC 66 46 A6 21 49 P: 1D 00 08 06 04 08 12 00 34 
LC: 64 21 56 AC 66 46 A6 21 34 P: 0C 00 09 06 04 08 12 00 03 
LC: A6 21 44 AC 66 46 A6 21 A9 P: 12 00 0A 06 04 08 12 00 2D 
LC: 34 21 54 AC 66 46 A6 21 22 P: 03 00 0B 06 04 08 12 00 1E 
LC: 96 21 64 AC 66 46 A6 21 44 P: 17 00 0C 06 04 08 12 00 0A 
LC: 42 21 6D AC 66 46 A6 21 32 P: 18 00 0D 06 04 08 12 00 1F 
LC: 56 21 4C AC 66 46 A6 21 42 P: 09 00 0E 06 04 08 12 00 18 
LC: 64 21 6C AC 66 46 A6 21 4A P: 0C 00 0F 06 04 08 12 00 33 
LC: 99 21 92 AC 66 46 A6 21 84 P: 25 00 10 06 04 08 12 00 2B 
LC: 31 21 B2 AC 66 46 A6 21 92 P: 20 00 11 06 04 08 12 00 10 
LC: AD 21 A6 AC 66 46 A6 21 35 P: 2F 00 12 06 04 08 12 00 01 
LC: 8A 21 A2 AC 66 46 A6 21 65 P: 31 00 13 06 04 08 12 00 3F 
LC: 8A 21 B4 AC 66 46 A6 21 AD P: 31 00 14 06 04 08 12 00 2F 
LC: 49 21 94 AC 66 46 A6 21 64 P: 34 00 15 06 04 08 12 00 0C 
LC: 8C 21 86 AC 66 46 A6 21 85 P: 2A 00 16 06 04 08 12 00 26 
LC: 29 21 96 AC 66 46 A6 21 94 P: 3B 00 17 06 04 08 12 00 15 
LC: 34 21 42 AC 66 46 A6 21 4C P: 03 00 18 06 04 08 12 00 0E 
LC: AC 21 62 AC 66 46 A6 21 A4 P: 06 00 19 06 04 08 12 00 29 
LC: 9A 21 2A AC 66 46 A6 21 32 P: 30 00 1A 06 04 08 12 00 1F 
LC: 36 21 6A AC 66 46 A6 21 B4 P: 1D 00 1B 06 04 08 12 00 14 
LC: 61 21 B6 AC 66 46 A6 21 5A P: 3E 00 1C 06 04 08 12 00 32 
LC: 91 21 36 AC 66 46 A6 21 84 P: 24 00 1D 06 04 08 12 00 2B 
LC: 84 21 22 AC 66 46 A6 21 85 P: 2B 00 1E 06 04 08 12 00 26 
LC: 69 21 32 AC 66 46 A6 21 94 P: 3A 00 1F 06 04 08 12 00 15 
LC: B1 21 31 AC 66 46 A6 21 A5 P: 21 00 20 06 04 08 12 00 28 
LC: 29 21 B1 AC 66 46 A6 21 45 P: 3B 00 21 06 04 08 12 00 3D 
LC: 31 21 95 AC 66 46 A6 21 A5 P: 20 00 22 06 04 08 12 00 28 
LC: 99 21 B5 AC 66 46 A6 21 34 P: 25 00 23 06 04 08 12 00 03 
LC: 61 21 91 AC 66 46 A6 21 2A P: 3E 00 24 06 04 08 12 00 1A 
LC: 99 21 99 AC 66 46 A6 21 B5 P: 25 00 25 06 04 08 12 00 23 
LC: 8A 21 85 AC 66 46 A6 21 96 P: 31 00 26 06 04 08 12 00 17 
LC: 49 21 89 AC 66 46 A6 21 B4 P: 34 00 27 06 04 08 12 00 14 
LC: 49 21 A5 AC 66 46 A6 21 49 P: 34 00 28 06 04 08 12 00 34 
LC: 31 21 A4 AC 66 46 A6 21 31 P: 20 00 29 06 04 08 12 00 20 
LC: 61 21 8C AC 66 46 A6 21 2C P: 3E 00 2A 06 04 08 12 00 02 
LC: 99 21 84 AC 66 46 A6 21 29 P: 25 00 2B 06 04 08 12 00 3B 
LC: 8C 21 A1 AC 66 46 A6 21 4C P: 2A 00 2C 06 04 08 12 00 0E 
LC: 8A 21 A9 AC 66 46 A6 21 51 P: 31 00 2D 06 04 08 12 00 37 
LC: 8C 21 8D AC 66 46 A6 21 8D P: 2A 00 2E 06 04 08 12 00 2E 
LC: AD 21 AD AC 66 46 A6 21 56 P: 2F 00 2F 06 04 08 12 00 09 
LC: 61 21 9A AC 66 46 A6 21 A6 P: 3E 00 30 06 04 08 12 00 12 
LC: AD 21 8A AC 66 46 A6 21 B1 P: 2F 00 31 06 04 08 12 00 21 
LC: 56 21 5A AC 66 46 A6 21 46 P: 09 00 32 06 04 08 12 00 08 
LC: 42 21 4A AC 66 46 A6 21 51 P: 18 00 33 06 04 08 12 00 37 
LC: 34 21 49 AC 66 46 A6 21 AC P: 03 00 34 06 04 08 12 00 06 
LC: A6 21 59 AC 66 46 A6 21 59 P: 12 00 35 06 04 08 12 00 35 
LC: A6 21 52 AC 66 46 A6 21 45 P: 12 00 36 06 04 08 12 00 3D 
LC: 56 21 51 AC 66 46 A6 21 92 P: 09 00 37 06 04 08 12 00 10 
LC: 8D 21 25 AC 66 46 A6 21 A4 P: 2E 00 38 06 04 08 12 00 29 
LC: 59 21 2D AC 66 46 A6 21 B4 P: 35 00 39 06 04 08 12 00 14 
LC: AC 21 69 AC 66 46 A6 21 B1 P: 06 00 3A 06 04 08 12 00 21 
LC: 84 21 29 AC 66 46 A6 21 8D P: 2B 00 3B 06 04 08 12 00 2E 
LC: 36 21 4D AC 66 46 A6 21 4D P: 1D 00 3C 06 04 08 12 00 3C 
LC: AC 21 45 AC 66 46 A6 21 35 P: 06 00 3D 06 04 08 12 00 01 
LC: 36 21 61 AC 66 46 A6 21 B6 P: 1D 00 3E 06 04 08 12 00 1C 
LC: 34 21 65 AC 66 46 A6 21 85 P: 03 00 3F 06 04 08 12 00 26 
LC: 45 21 21 24 66 46 A6 21 51 P: 3D 00 00 07 04 08 12 00 37 
LC: 5A 21 35 24 66 46 A6 21 69 P: 32 00 01 07 04 08 12 00 3A 
LC: A1 21 2C 24 66 46 A6 21 31 P: 2C 00 02 07 04 08 12 00 20 
LC: 85 21 34 24 66 46 A6 21 86 P: 26 00 03 07 04 08 12 00 16 
LC: 94 21 66 24 66 46 A6 21 51 P: 15 00 04 07 04 08 12 00 37 
LC: 25 21 26 24 66 46 A6 21 4D P: 38 00 05 07 04 08 12 00 3C 
LC: 52 21 AC 24 66 46 A6 21 26 P: 36 00 06 07 04 08 12 00 05 
LC: 51 21 24 24 66 46 A6 21 99 P: 37 00 07 07 04 08 12 00 25 
LC: 92 21 46 24 66 46 A6 21 B4 P: 10 00 08 07 04 08 12 00 14 
LC: 35 21 56 24 66 46 A6 21 B5 P: 01 00 09 07 04 08 12 00 23 
LC: 32 21 44 24 66 46 A6 21 6D P: 1F 00 0A 07 04 08 12 00 0D 
LC: 4C 21 54 24 66 46 A6 21 61 P: 0E 00 0B 07 04 08 12 00 3E 
LC: 2A 21 64 24 66 46 A6 21 8C P: 1A 00 0C 07 04 08 12 00 2A 
LC: 94 21 6D 24 66 46 A6 21 65 P: 15 00 0D 07 04 08 12 00 3F 
LC: 66 21 4C 24 66 46 A6 21 25 P: 04 00 0E 07 04 08 12 00 38 
LC: 35 21 6C 24 66 46 A6 21 A2 P: 01 00 0F 07 04 08 12 00 13 
LC: A5 21 92 24 66 46 A6 21 54 P: 28 00 10 07 04 08 12 00 0B 
LC: A9 21 B2 24 66 46 A6 21 9A P: 2D 00 11 07 04 08 12 00 30 
LC: 95 21 A6 24 66 46 A6 21 B1 P: 22 00 12 07 04 08 12 00 21 
LC: 4D 21 A2 24 66 46 A6 21 32 P: 3C 00 13 07 04 08 12 00 1F 
LC: 4D 21 B4 24 66 46 A6 21 6C P: 3C 00 14 07 04 08 12 00 0F 
LC: 2D 21 94 24 66 46 A6 21 A1 P: 39 00 15 07 04 08 12 00 2C 
LC: 89 21 86 24 66 46 A6 21 AC P: 27 00 16 07 04 08 12 00 06 
LC: 52 21 96 24 66 46 A6 21 59 P: 36 00 17 07 04 08 12 00 35 
LC: 4C 21 42 24 66 46 A6 21 8D P: 0E 00 18 07 04 08 12 00 2E 
LC: 54 21 62 24 66 46 A6 21 56 P: 0B 00 19 07 04 08 12 00 09 
LC: 45 21 2A 24 66 46 A6 21 65 P: 3D 00 1A 07 04 08 12 00 3F 
LC: 92 21 6A 24 66 46 A6 21 49 P: 10 00 1B 07 04 08 12 00 34 
LC: 4A 21 B6 24 66 46 A6 21 A6 P: 33 00 1C 07 04 08 12 00 12 
LC: A4 21 36 24 66 46 A6 21 54 P: 29 00 1D 07 04 08 12 00 0B 
CRC not Found
LC: 51 21 32 24 66 46 A6 21 59 P: 37 00 1F 07 04 08 12 00 35 
LC: A1 21 31 24 66 46 A6 21 46 P: 2C 00 20 07 04 08 12 00 08 
LC: 52 21 B1 24 66 46 A6 21 36 P: 36 00 21 07 04 08 12 00 1D 
LC: A9 21 95 24 66 46 A6 21 46 P: 2D 00 22 07 04 08 12 00 08 
LC: A5 21 B5 24 66 46 A6 21 B5 P: 28 00 23 07 04 08 12 00 23 
LC: 4A 21 91 24 66 46 A6 21 69 P: 33 00 24 07 04 08 12 00 3A 
LC: A5 21 99 24 66 46 A6 21 34 P: 28 00 25 07 04 08 12 00 03 
LC: 4D 21 85 24 66 46 A6 21 51 P: 3C 00 26 07 04 08 12 00 37 
LC: 2D 21 89 24 66 46 A6 21 49 P: 39 00 27 07 04 08 12 00 34 
LC: 2D 21 A5 24 66 46 A6 21 B4 P: 39 00 28 07 04 08 12 00 14 
CRC not Found
LC: 4A 21 8C 24 66 46 A6 21 95 P: 33 00 2A 07 04 08 12 00 22 
LC: A5 21 84 24 66 46 A6 21 6A P: 28 00 2B 07 04 08 12 00 1B 
LC: 89 21 A1 24 66 46 A6 21 8D P: 27 00 2C 07 04 08 12 00 2E 
LC: 4D 21 A9 24 66 46 A6 21 96 P: 3C 00 2D 07 04 08 12 00 17 
LC: 89 21 8D 24 66 46 A6 21 4C P: 27 00 2E 07 04 08 12 00 0E 
LC: 95 21 AD 24 66 46 A6 21 A4 P: 22 00 2F 07 04 08 12 00 29 
LC: 4A 21 9A 24 66 46 A6 21 5A P: 33 00 30 07 04 08 12 00 32 
LC: 95 21 8A 24 66 46 A6 21 35 P: 22 00 31 07 04 08 12 00 01 
LC: 66 21 5A 24 66 46 A6 21 A5 P: 04 00 32 07 04 08 12 00 28 
LC: 94 21 4A 24 66 46 A6 21 96 P: 15 00 33 07 04 08 12 00 17 
LC: 4C 21 49 24 66 46 A6 21 85 P: 0E 00 34 07 04 08 12 00 26 
LC: 32 21 59 24 66 46 A6 21 94 P: 1F 00 35 07 04 08 12 00 15 
LC: 32 21 52 24 66 46 A6 21 36 P: 1F 00 36 07 04 08 12 00 1D 
LC: 66 21 51 24 66 46 A6 21 9A P: 04 00 37 07 04 08 12 00 30 
LC: B5 21 25 24 66 46 A6 21 56 P: 23 00 38 07 04 08 12 00 09 
LC: 25 21 2D 24 66 46 A6 21 49 P: 38 00 39 07 04 08 12 00 34 
LC: 54 21 69 24 66 46 A6 21 35 P: 0B 00 3A 07 04 08 12 00 01 
LC: 85 21 29 24 66 46 A6 21 4C P: 26 00 3B 07 04 08 12 00 0E 
LC: 92 21 4D 24 66 46 A6 21 B6 P: 10 00 3C 07 04 08 12 00 1C 
LC: 54 21 45 24 66 46 A6 21 B1 P: 0B 00 3D 07 04 08 12 00 21 
LC: 92 21 61 24 66 46 A6 21 4D P: 10 00 3E 07 04 08 12 00 3C 
CRC not Found
LC: 25 21 21 46 66 46 A6 21 A9 P: 38 00 00 08 04 08 12 00 2D 
LC: 51 21 35 46 66 46 A6 21 91 P: 37 00 01 08 04 08 12 00 24 
LC: A4 21 2C 46 66 46 A6 21 AC P: 29 00 02 08 04 08 12 00 06 
LC: B5 21 34 46 66 46 A6 21 92 P: 23 00 03 08 04 08 12 00 10 
LC: 92 21 66 46 66 46 A6 21 A9 P: 10 00 04 08 04 08 12 00 2D 
CRC not Found
LC: 4A 21 AC 46 66 46 A6 21 32 P: 33 00 06 08 04 08 12 00 1F 
LC: 5A 21 24 46 66 46 A6 21 65 P: 32 00 07 08 04 08 12 00 3F 
LC: 94 21 46 46 66 46 A6 21 44 P: 15 00 08 08 04 08 12 00 0A 
LC: 66 21 56 46 66 46 A6 21 2D P: 04 00 09 08 04 08 12 00 39 
LC: 2A 21 44 46 66 46 A6 21 96 P: 1A 00 0A 08 04 08 12 00 17 
LC: 54 21 54 46 66 46 A6 21 A5 P: 0B 00 0B 08 04 08 12 00 28 
LC: 32 21 64 46 66 46 A6 21 49 P: 1F 00 0C 08 04 08 12 00 34 
LC: 92 21 6D 46 66 46 A6 21 99 P: 10 00 0D 08 04 08 12 00 25 
LC: 35 21 4C 46 66 46 A6 21 8D P: 01 00 0E 08 04 08 12 00 2E 
LC: 66 21 6C 46 66 46 A6 21 56 P: 04 00 0F 08 04 08 12 00 09 
LC: A9 21 92 46 66 46 A6 21 B2 P: 2D 00 10 08 04 08 12 00 11 
LC: A5 21 B2 46 66 46 A6 21 52 P: 28 00 11 08 04 08 12 00 36 
LC: 89 21 A6 46 66 46 A6 21 29 P: 27 00 12 08 04 08 12 00 3B 
LC: 2D 21 A2 46 66 46 A6 21 26 P: 39 00 13 08 04 08 12 00 05 
LC: 2D 21 B4 46 66 46 A6 21 94 P: 39 00 14 08 04 08 12 00 15 
LC: 4D 21 94 46 66 46 A6 21 5A P: 3C 00 15 08 04 08 12 00 32 
LC: 95 21 86 46 66 46 A6 21 31 P: 22 00 16 08 04 08 12 00 20 
LC: 4A 21 96 46 66 46 A6 21 AD P: 33 00 17 08 04 08 12 00 2F 
LC: 54 21 42 46 66 46 A6 21 25 P: 0B 00 18 08 04 08 12 00 38 
LC: 4C 21 62 46 66 46 A6 21 A2 P: 0E 00 19 08 04 08 12 00 13 
LC: 25 21 2A 46 66 46 A6 21 99 P: 38 00 1A 08 04 08 12 00 25 
LC: 94 21 6A 46 66 46 A6 21 8C P: 15 00 1B 08 04 08 12 00 2A 
LC: 52 21 B6 46 66 46 A6 21 64 P: 36 00 1C 08 04 08 12 00 0C 
LC: A1 21 36 46 66 46 A6 21 B2 P: 2C 00 1D 08 04 08 12 00 11 
LC: B5 21 22 46 66 46 A6 21 31 P: 23 00 1E 08 04 08 12 00 20 
LC: 5A 21 32 46 66 46 A6 21 AD P: 32 00 1F 08 04 08 12 00 2F 
LC: A4 21 31 46 66 46 A6 21 22 P: 29 00 20 08 04 08 12 00 1E 
LC: 4A 21 B1 46 66 46 A6 21 24 P: 33 00 21 08 04 08 12 00 07 
LC: A5 21 95 46 66 46 A6 21 22 P: 28 00 22 08 04 08 12 00 1E 
LC: A9 21 B5 46 66 46 A6 21 2D P: 2D 00 23 08 04 08 12 00 39 
LC: 52 21 91 46 66 46 A6 21 91 P: 36 00 24 08 04 08 12 00 24 
LC: A9 21 99 46 66 46 A6 21 62 P: 2D 00 25 08 04 08 12 00 19 
LC: 2D 21 85 46 66 46 A6 21 A9 P: 39 00 26 08 04 08 12 00 2D 
LC: 4D 21 89 46 66 46 A6 21 8C P: 3C 00 27 08 04 08 12 00 2A 
LC: 4D 21 A5 46 66 46 A6 21 44 P: 3C 00 28 08 04 08 12 00 0A 
LC: A5 21 A4 46 66 46 A6 21 85 P: 28 00 29 08 04 08 12 00 26 
LC: 52 21 8C 46 66 46 A6 21 4D P: 36 00 2A 08 04 08 12 00 3C 
LC: A9 21 84 46 66 46 A6 21 35 P: 2D 00 2B 08 04 08 12 00 01 
LC: 95 21 A1 46 66 46 A6 21 25 P: 22 00 2C 08 04 08 12 00 38 
LC: 2D 21 A9 46 66 46 A6 21 6D P: 39 00 2D 08 04 08 12 00 0D 
LC: 95 21 8D 46 66 46 A6 21 42 P: 22 00 2E 08 04 08 12 00 18 
LC: 89 21 AD 46 66 46 A6 21 4A P: 27 00 2F 08 04 08 12 00 33 
LC: 52 21 9A 46 66 46 A6 21 A1 P: 36 00 30 08 04 08 12 00 2C 
LC: 89 21 8A 46 66 46 A6 21 6A P: 27 00 31 08 04 08 12 00 1B 
LC: 35 21 5A 46 66 46 A6 21 61 P: 01 00 32 08 04 08 12 00 3E 
LC: 92 21 4A 46 66 46 A6 21 6D P: 10 00 33 08 04 08 12 00 0D 
CRC not Found
LC: 2A 21 59 46 66 46 A6 21 6C P: 1A 00 35 08 04 08 12 00 0F 
LC: 2A 21 52 46 66 46 A6 21 24 P: 1A 00 36 08 04 08 12 00 07 
LC: 35 21 51 46 66 46 A6 21 52 P: 01 00 37 08 04 08 12 00 36 
LC: 85 21 25 46 66 46 A6 21 A2 P: 26 00 38 08 04 08 12 00 13 
LC: 45 21 2D 46 66 46 A6 21 8C P: 3D 00 39 08 04 08 12 00 2A 
LC: 4C 21 69 46 66 46 A6 21 6A P: 0E 00 3A 08 04 08 12 00 1B 
LC: B5 21 29 46 66 46 A6 21 42 P: 23 00 3B 08 04 08 12 00 18 
LC: 94 21 4D 46 66 46 A6 21 2C P: 15 00 3C 08 04 08 12 00 02 
LC: 4C 21 45 46 66 46 A6 21 29 P: 0E 00 3D 08 04 08 12 00 3B 
LC: 94 21 61 46 66 46 A6 21 95 P: 15 00 3E 08 04 08 12 00 22 
LC: 54 21 65 46 66 46 A6 21 31 P: 0B 00 3F 08 04 08 12 00 20 
LC: 29 21 21 56 66 46 A6 21 99 P: 3B 00 00 09 04 08 12 00 25 
LC: 49 21 35 56 66 46 A6 21 A9 P: 34 00 01 09 04 08 12 00 2D 
LC: 8C 21 2C 56 66 46 A6 21 4C P: 2A 00 02 09 04 08 12 00 0E 
LC: 31 21 34 56 66 46 A6 21 46 P: 20 00 03 09 04 08 12 00 08 
LC: A2 21 66 56 66 46 A6 21 99 P: 13 00 04 09 04 08 12 00 25 
LC: 61 21 26 56 66 46 A6 21 8C P: 3E 00 05 09 04 08 12 00 2A 
LC: 9A 21 AC 56 66 46 A6 21 96 P: 30 00 06 09 04 08 12 00 17 
LC: 8A 21 24 56 66 46 A6 21 51 P: 31 00 07 09 04 08 12 00 37 
LC: 86 21 46 56 66 46 A6 21 2C P: 16 00 08 09 04 08 12 00 02 
LC: 24 21 56 56 66 46 A6 21 8A P: 07 00 09 09 04 08 12 00 31 
LC: 62 21 44 56 66 46 A6 21 32 P: 19 00 0A 09 04 08 12 00 1F 
LC: 46 21 54 56 66 46 A6 21 9A P: 08 00 0B 09 04 08 12 00 30 
LC: B6 21 64 56 66 46 A6 21 4D P: 1C 00 0C 09 04 08 12 00 3C 
LC: A2 21 6D 56 66 46 A6 21 A9 P: 13 00 0D 09 04 08 12 00 2D 
LC: 2C 21 4C 56 66 46 A6 21 85 P: 02 00 0E 09 04 08 12 00 26 
LC: 24 21 6C 56 66 46 A6 21 35 P: 07 00 0F 09 04 08 12 00 01 
LC: 8D 21 92 56 66 46 A6 21 62 P: 2E 00 10 09 04 08 12 00 19 
LC: 84 21 B2 56 66 46 A6 21 61 P: 2B 00 11 09 04 08 12 00 3E 
LC: 91 21 A6 56 66 46 A6 21 4A P: 24 00 12 09 04 08 12 00 33 
LC: 69 21 A2 56 66 46 A6 21 6D P: 3A 00 13 09 04 08 12 00 0D 
LC: 69 21 B4 56 66 46 A6 21 36 P: 3A 00 14 09 04 08 12 00 1D 
LC: 65 21 94 56 66 46 A6 21 69 P: 3F 00 15 09 04 08 12 00 3A 
LC: B1 21 86 56 66 46 A6 21 42 P: 21 00 16 09 04 08 12 00 18 
LC: 9A 21 96 56 66 46 A6 21 89 P: 30 00 17 09 04 08 12 00 27 
LC: 56 21 42 56 66 46 A6 21 21 P: 09 00 18 09 04 08 12 00 00 
LC: 6D 21 62 56 66 46 A6 21 6A P: 0D 00 19 09 04 08 12 00 1B 
LC: 29 21 2A 56 66 46 A6 21 A9 P: 3B 00 1A 09 04 08 12 00 2D 
LC: 86 21 6A 56 66 46 A6 21 95 P: 16 00 1B 09 04 08 12 00 22 
LC: 59 21 B6 56 66 46 A6 21 66 P: 35 00 1C 09 04 08 12 00 04 
LC: AD 21 36 56 66 46 A6 21 62 P: 2F 00 1D 09 04 08 12 00 19 
LC: 31 21 22 56 66 46 A6 21 42 P: 20 00 1E 09 04 08 12 00 18 
LC: 8A 21 32 56 66 46 A6 21 89 P: 31 00 1F 09 04 08 12 00 27 
LC: 8C 21 31 56 66 46 A6 21 86 P: 2A 00 20 09 04 08 12 00 16 
LC: 9A 21 B1 56 66 46 A6 21 6C P: 30 00 21 09 04 08 12 00 0F 
CRC not Found
LC: 8D 21 B5 56 66 46 A6 21 8A P: 2E 00 23 09 04 08 12 00 31 
LC: 59 21 91 56 66 46 A6 21 A1 P: 35 00 24 09 04 08 12 00 2C 
LC: 8D 21 99 56 66 46 A6 21 B2 P: 2E 00 25 09 04 08 12 00 11 
LC: 69 21 85 56 66 46 A6 21 99 P: 3A 00 26 09 04 08 12 00 25 
LC: 65 21 89 56 66 46 A6 21 95 P: 3F 00 27 09 04 08 12 00 22 
LC: 65 21 A5 56 66 46 A6 21 2C P: 3F 00 28 09 04 08 12 00 02 
LC: 84 21 A4 56 66 46 A6 21 8D P: 2B 00 29 09 04 08 12 00 2E 
LC: 59 21 8C 56 66 46 A6 21 49 P: 35 00 2A 09 04 08 12 00 34 
LC: 8D 21 84 56 66 46 A6 21 56 P: 2E 00 2B 09 04 08 12 00 09 
CRC not Found
LC: 69 21 A9 56 66 46 A6 21 26 P: 3A 00 2D 09 04 08 12 00 05 
LC: B1 21 8D 56 66 46 A6 21 31 P: 21 00 2E 09 04 08 12 00 20 
LC: 91 21 AD 56 66 46 A6 21 29 P: 24 00 2F 09 04 08 12 00 3B 
LC: 59 21 9A 56 66 46 A6 21 91 P: 35 00 30 09 04 08 12 00 24 
LC: 91 21 8A 56 66 46 A6 21 A2 P: 24 00 31 09 04 08 12 00 13 
LC: 2C 21 5A 56 66 46 A6 21 52 P: 02 00 32 09 04 08 12 00 36 
LC: A2 21 4A 56 66 46 A6 21 26 P: 13 00 33 09 04 08 12 00 05 
LC: 46 21 49 56 66 46 A6 21 25 P: 08 00 34 09 04 08 12 00 38 
LC: 62 21 59 56 66 46 A6 21 24 P: 19 00 35 09 04 08 12 00 07 
LC: 62 21 52 56 66 46 A6 21 6C P: 19 00 36 09 04 08 12 00 0F 
LC: 2C 21 51 56 66 46 A6 21 61 P: 02 00 37 09 04 08 12 00 3E 
LC: 99 21 25 56 66 46 A6 21 6A P: 25 00 38 09 04 08 12 00 1B 
