LC: 45 21 21 21 26 46 A6 21 46 P: 3D 00 00 00 05 08 12 00 08 
CRC not Found
CRC not Found
CRC not Found
LC: 94 21 66 21 26 46 A6 21 46 P: 15 00 04 00 05 08 12 00 08 
CRC not Found
LC: 52 21 AC 21 26 46 A6 21 52 P: 36 00 06 00 05 08 12 00 36 
CRC not Found
LC: 92 21 46 21 26 46 A6 21 B5 P: 10 00 08 00 05 08 12 00 23 
LC: 35 21 56 21 26 46 A6 21 B4 P: 01 00 09 00 05 08 12 00 14 
LC: 32 21 44 21 26 46 A6 21 61 P: 1F 00 0A 00 05 08 12 00 3E 
LC: 4C 21 54 21 26 46 A6 21 6D P: 0E 00 0B 00 05 08 12 00 0D 
LC: 2A 21 64 21 26 46 A6 21 62 P: 1A 00 0C 00 05 08 12 00 19 
LC: 94 21 6D 21 26 46 A6 21 92 P: 15 00 0D 00 05 08 12 00 10 
LC: 66 21 4C 21 26 46 A6 21 24 P: 04 00 0E 00 05 08 12 00 07 
LC: 35 21 6C 21 26 46 A6 21 91 P: 01 00 0F 00 05 08 12 00 24 
LC: A5 21 92 21 26 46 A6 21 4D P: 28 00 10 00 05 08 12 00 3C 
LC: A9 21 B2 21 26 46 A6 21 32 P: 2D 00 11 00 05 08 12 00 1F 
LC: 95 21 A6 21 26 46 A6 21 A6 P: 22 00 12 00 05 08 12 00 12 
LC: 4D 21 A2 21 26 46 A6 21 9A P: 3C 00 13 00 05 08 12 00 30 
LC: 45 21 B4 21 26 46 A6 21 21 P: 3D 00 14 00 05 08 12 00 00 
LC: 2D 21 94 21 26 46 A6 21 6A P: 39 00 15 00 05 08 12 00 1B 
LC: 89 21 86 21 26 46 A6 21 59 P: 27 00 16 00 05 08 12 00 35 
CRC not Found
LC: 4C 21 42 21 26 46 A6 21 36 P: 0E 00 18 00 05 08 12 00 1D 
LC: 54 21 62 21 26 46 A6 21 69 P: 0B 00 19 00 05 08 12 00 3A 
LC: 45 21 2A 21 26 46 A6 21 92 P: 3D 00 1A 00 05 08 12 00 10 
LC: 92 21 6A 21 26 46 A6 21 34 P: 10 00 1B 00 05 08 12 00 03 
CRC not Found
LC: A4 21 36 21 26 46 A6 21 4D P: 29 00 1D 00 05 08 12 00 3C 
LC: 85 21 22 21 26 46 A6 21 59 P: 26 00 1E 00 05 08 12 00 35 
LC: 51 21 32 21 26 46 A6 21 AC P: 37 00 1F 00 05 08 12 00 06 
LC: A1 21 31 21 26 46 A6 21 51 P: 2C 00 20 00 05 08 12 00 37 
LC: 52 21 B1 21 26 46 A6 21 8D P: 36 00 21 00 05 08 12 00 2E 
LC: A9 21 95 21 26 46 A6 21 51 P: 2D 00 22 00 05 08 12 00 37 
LC: A5 21 B5 21 26 46 A6 21 B4 P: 28 00 23 00 05 08 12 00 14 
LC: 4A 21 91 21 26 46 A6 21 56 P: 33 00 24 00 05 08 12 00 09 
LC: A5 21 99 21 26 46 A6 21 49 P: 28 00 25 00 05 08 12 00 34 
LC: 4D 21 85 21 26 46 A6 21 46 P: 3C 00 26 00 05 08 12 00 08 
LC: 2D 21 89 21 26 46 A6 21 34 P: 39 00 27 00 05 08 12 00 03 
LC: 2D 21 A5 21 26 46 A6 21 B5 P: 39 00 28 00 05 08 12 00 23 
LC: A9 21 A4 21 26 46 A6 21 6C P: 2D 00 29 00 05 08 12 00 0F 
LC: 4A 21 8C 21 26 46 A6 21 B2 P: 33 00 2A 00 05 08 12 00 11 
LC: A5 21 84 21 26 46 A6 21 A1 P: 28 00 2B 00 05 08 12 00 2C 
LC: 89 21 A1 21 26 46 A6 21 36 P: 27 00 2C 00 05 08 12 00 1D 
LC: 4D 21 A9 21 26 46 A6 21 A5 P: 3C 00 2D 00 05 08 12 00 28 
LC: 89 21 8D 21 26 46 A6 21 45 P: 27 00 2E 00 05 08 12 00 3D 
LC: 95 21 AD 21 26 46 A6 21 2A P: 22 00 2F 00 05 08 12 00 1A 
LC: 4A 21 9A 21 26 46 A6 21 35 P: 33 00 30 00 05 08 12 00 01 
LC: 95 21 8A 21 26 46 A6 21 5A P: 22 00 31 00 05 08 12 00 32 
LC: 66 21 5A 21 26 46 A6 21 96 P: 04 00 32 00 05 08 12 00 17 
LC: 94 21 4A 21 26 46 A6 21 A5 P: 15 00 33 00 05 08 12 00 28 
LC: 4C 21 49 21 26 46 A6 21 94 P: 0E 00 34 00 05 08 12 00 15 
LC: 32 21 59 21 26 46 A6 21 85 P: 1F 00 35 00 05 08 12 00 26 
LC: 32 21 52 21 26 46 A6 21 8D P: 1F 00 36 00 05 08 12 00 2E 
LC: 66 21 51 21 26 46 A6 21 32 P: 04 00 37 00 05 08 12 00 1F 
LC: B5 21 25 21 26 46 A6 21 69 P: 23 00 38 00 05 08 12 00 3A 
LC: 25 21 2D 21 26 46 A6 21 34 P: 38 00 39 00 05 08 12 00 03 
LC: 54 21 69 21 26 46 A6 21 5A P: 0B 00 3A 00 05 08 12 00 32 
LC: 85 21 29 21 26 46 A6 21 45 P: 26 00 3B 00 05 08 12 00 3D 
LC: 92 21 4D 21 26 46 A6 21 84 P: 10 00 3C 00 05 08 12 00 2B 
LC: 54 21 45 21 26 46 A6 21 A6 P: 0B 00 3D 00 05 08 12 00 12 
LC: 92 21 61 21 26 46 A6 21 54 P: 10 00 3E 00 05 08 12 00 0B 
LC: 4C 21 65 21 26 46 A6 21 59 P: 0E 00 3F 00 05 08 12 00 35 
LC: 24 21 21 35 26 46 A6 21 36 P: 07 00 00 01 05 08 12 00 1D 
LC: 46 21 35 35 26 46 A6 21 B4 P: 08 00 01 01 05 08 12 00 14 
CRC not Found
LC: 36 21 34 35 26 46 A6 21 21 P: 1D 00 03 01 05 08 12 00 00 
LC: AD 21 66 35 26 46 A6 21 36 P: 2F 00 04 01 05 08 12 00 1D 
LC: 2C 21 26 35 26 46 A6 21 A6 P: 02 00 05 01 05 08 12 00 12 
LC: 64 21 AC 35 26 46 A6 21 AD P: 0C 00 06 01 05 08 12 00 2F 
LC: 6D 21 24 35 26 46 A6 21 6C P: 0D 00 07 01 05 08 12 00 0F 
LC: 8C 21 46 35 26 46 A6 21 69 P: 2A 00 08 01 05 08 12 00 3A 
LC: 29 21 56 35 26 46 A6 21 56 P: 3B 00 09 01 05 08 12 00 09 
LC: 99 21 44 35 26 46 A6 21 89 P: 25 00 0A 01 05 08 12 00 27 
LC: 49 21 54 35 26 46 A6 21 42 P: 34 00 0B 01 05 08 12 00 18 
LC: 31 21 64 35 26 46 A6 21 66 P: 20 00 0C 01 05 08 12 00 04 
LC: AD 21 6D 35 26 46 A6 21 94 P: 2F 00 0D 01 05 08 12 00 15 
LC: 61 21 4C 35 26 46 A6 21 22 P: 3E 00 0E 01 05 08 12 00 1E 
LC: 29 21 6C 35 26 46 A6 21 2D P: 3B 00 0F 01 05 08 12 00 39 
LC: A6 21 92 35 26 46 A6 21 B1 P: 12 00 10 01 05 08 12 00 21 
LC: 96 21 B2 35 26 46 A6 21 AC P: 17 00 11 01 05 08 12 00 06 
LC: 42 21 A6 35 26 46 A6 21 54 P: 18 00 12 01 05 08 12 00 0B 
LC: AC 21 A2 35 26 46 A6 21 59 P: 06 00 13 01 05 08 12 00 35 
LC: AC 21 B4 35 26 46 A6 21 99 P: 06 00 14 01 05 08 12 00 25 
LC: 34 21 94 35 26 46 A6 21 2C P: 03 00 15 01 05 08 12 00 02 
LC: 36 21 86 35 26 46 A6 21 9A P: 1D 00 16 01 05 08 12 00 30 
LC: 64 21 96 35 26 46 A6 21 32 P: 0C 00 17 01 05 08 12 00 1F 
LC: 49 21 42 35 26 46 A6 21 46 P: 34 00 18 01 05 08 12 00 08 
LC: 8A 21 62 35 26 46 A6 21 B5 P: 31 00 19 01 05 08 12 00 23 
LC: 24 21 2A 35 26 46 A6 21 94 P: 07 00 1A 01 05 08 12 00 15 
LC: 8C 21 6A 35 26 46 A6 21 2A P: 2A 00 1B 01 05 08 12 00 1A 
LC: 56 21 B6 35 26 46 A6 21 4D P: 09 00 1C 01 05 08 12 00 3C 
LC: A2 21 36 35 26 46 A6 21 B1 P: 13 00 1D 01 05 08 12 00 21 
LC: B6 21 22 35 26 46 A6 21 9A P: 1C 00 1E 01 05 08 12 00 30 
LC: 6D 21 32 35 26 46 A6 21 32 P: 0D 00 1F 01 05 08 12 00 1F 
LC: 86 21 31 35 26 46 A6 21 8D P: 16 00 20 01 05 08 12 00 2E 
LC: 64 21 B1 35 26 46 A6 21 51 P: 0C 00 21 01 05 08 12 00 37 
LC: 96 21 95 35 26 46 A6 21 8D P: 17 00 22 01 05 08 12 00 2E 
LC: A6 21 B5 35 26 46 A6 21 56 P: 12 00 23 01 05 08 12 00 09 
LC: 56 21 91 35 26 46 A6 21 B4 P: 09 00 24 01 05 08 12 00 14 
LC: A6 21 99 35 26 46 A6 21 A4 P: 12 00 25 01 05 08 12 00 29 
LC: AC 21 85 35 26 46 A6 21 36 P: 06 00 26 01 05 08 12 00 1D 
LC: 34 21 89 35 26 46 A6 21 2A P: 03 00 27 01 05 08 12 00 1A 
LC: 34 21 A5 35 26 46 A6 21 69 P: 03 00 28 01 05 08 12 00 3A 
LC: 96 21 A4 35 26 46 A6 21 86 P: 17 00 29 01 05 08 12 00 16 
LC: 56 21 8C 35 26 46 A6 21 64 P: 09 00 2A 01 05 08 12 00 0C 
LC: A6 21 84 35 26 46 A6 21 8A P: 12 00 2B 01 05 08 12 00 31 
LC: 36 21 A1 35 26 46 A6 21 46 P: 1D 00 2C 01 05 08 12 00 08 
LC: AC 21 A9 35 26 46 A6 21 45 P: 06 00 2D 01 05 08 12 00 3D 
LC: 36 21 8D 35 26 46 A6 21 A5 P: 1D 00 2E 01 05 08 12 00 28 
LC: 42 21 AD 35 26 46 A6 21 34 P: 18 00 2F 01 05 08 12 00 03 
LC: 56 21 9A 35 26 46 A6 21 B6 P: 09 00 30 01 05 08 12 00 1C 
LC: 42 21 8A 35 26 46 A6 21 84 P: 18 00 31 01 05 08 12 00 2B 
LC: 61 21 5A 35 26 46 A6 21 4C P: 3E 00 32 01 05 08 12 00 0E 
LC: AD 21 4A 35 26 46 A6 21 45 P: 2F 00 33 01 05 08 12 00 3D 
LC: 49 21 49 35 26 46 A6 21 92 P: 34 00 34 01 05 08 12 00 10 
LC: 99 21 59 35 26 46 A6 21 65 P: 25 00 35 01 05 08 12 00 3F 
LC: 99 21 52 35 26 46 A6 21 51 P: 25 00 36 01 05 08 12 00 37 
CRC not Found
LC: 62 21 25 35 26 46 A6 21 B5 P: 19 00 38 01 05 08 12 00 23 
LC: 2C 21 2D 35 26 46 A6 21 2A P: 02 00 39 01 05 08 12 00 1A 
LC: 8A 21 69 35 26 46 A6 21 84 P: 31 00 3A 01 05 08 12 00 2B 
LC: B6 21 29 35 26 46 A6 21 A5 P: 1C 00 3B 01 05 08 12 00 28 
LC: 8C 21 4D 35 26 46 A6 21 5A P: 2A 00 3C 01 05 08 12 00 32 
LC: 8A 21 45 35 26 46 A6 21 54 P: 31 00 3D 01 05 08 12 00 0B 
LC: 8C 21 61 35 26 46 A6 21 A6 P: 2A 00 3E 01 05 08 12 00 12 
LC: 49 21 65 35 26 46 A6 21 9A P: 34 00 3F 01 05 08 12 00 30 
CRC not Found
CRC not Found
LC: A2 21 2C 2C 26 46 A6 21 A9 P: 13 00 02 02 05 08 12 00 2D 
LC: 62 21 34 2C 26 46 A6 21 89 P: 19 00 03 02 05 08 12 00 27 
CRC not Found
LC: 24 21 26 2C 26 46 A6 21 56 P: 07 00 05 02 05 08 12 00 09 
LC: 56 21 AC 2C 26 46 A6 21 25 P: 09 00 06 02 05 08 12 00 38 
LC: 46 21 24 2C 26 46 A6 21 42 P: 08 00 07 02 05 08 12 00 18 
LC: AD 21 46 2C 26 46 A6 21 B1 P: 2F 00 08 02 05 08 12 00 21 
LC: 61 21 56 2C 26 46 A6 21 A6 P: 3E 00 09 02 05 08 12 00 12 
LC: B1 21 44 2C 26 46 A6 21 21 P: 21 00 0A 02 05 08 12 00 00 
LC: 8A 21 54 2C 26 46 A6 21 6C P: 31 00 0B 02 05 08 12 00 0F 
LC: 99 21 64 2C 26 46 A6 21 6A P: 25 00 0C 02 05 08 12 00 1B 
LC: 8C 21 6D 2C 26 46 A6 21 4C P: 2A 00 0D 02 05 08 12 00 0E 
LC: 29 21 4C 2C 26 46 A6 21 26 P: 3B 00 0E 02 05 08 12 00 05 
LC: 61 21 6C 2C 26 46 A6 21 95 P: 3E 00 0F 02 05 08 12 00 22 
LC: 96 21 92 2C 26 46 A6 21 69 P: 17 00 10 02 05 08 12 00 3A 
LC: A6 21 B2 2C 26 46 A6 21 36 P: 12 00 11 02 05 08 12 00 1D 
LC: 36 21 A6 2C 26 46 A6 21 B4 P: 1D 00 12 02 05 08 12 00 14 
LC: 34 21 A2 2C 26 46 A6 21 8D P: 03 00 13 02 05 08 12 00 2E 
LC: 34 21 B4 2C 26 46 A6 21 61 P: 03 00 14 02 05 08 12 00 3E 
LC: AC 21 94 2C 26 46 A6 21 62 P: 06 00 15 02 05 08 12 00 19 
LC: 42 21 86 2C 26 46 A6 21 51 P: 18 00 16 02 05 08 12 00 37 
LC: 56 21 96 2C 26 46 A6 21 46 P: 09 00 17 02 05 08 12 00 08 
LC: 8A 21 42 2C 26 46 A6 21 32 P: 31 00 18 02 05 08 12 00 1F 
LC: 49 21 62 2C 26 46 A6 21 4D P: 34 00 19 02 05 08 12 00 3C 
LC: 2C 21 2A 2C 26 46 A6 21 4C P: 02 00 1A 02 05 08 12 00 0E 
LC: AD 21 6A 2C 26 46 A6 21 35 P: 2F 00 1B 02 05 08 12 00 01 
LC: 64 21 B6 2C 26 46 A6 21 B5 P: 0C 00 1C 02 05 08 12 00 23 
LC: 86 21 36 2C 26 46 A6 21 69 P: 16 00 1D 02 05 08 12 00 3A 
LC: 62 21 22 2C 26 46 A6 21 51 P: 19 00 1E 02 05 08 12 00 37 
LC: 46 21 32 2C 26 46 A6 21 46 P: 08 00 1F 02 05 08 12 00 08 
LC: A2 21 31 2C 26 46 A6 21 59 P: 13 00 20 02 05 08 12 00 35 
LC: 56 21 B1 2C 26 46 A6 21 9A P: 09 00 21 02 05 08 12 00 30 
LC: A6 21 95 2C 26 46 A6 21 59 P: 12 00 22 02 05 08 12 00 35 
LC: 96 21 B5 2C 26 46 A6 21 A6 P: 17 00 23 02 05 08 12 00 12 
LC: 64 21 91 2C 26 46 A6 21 54 P: 0C 00 24 02 05 08 12 00 0B 
LC: 96 21 99 2C 26 46 A6 21 5A P: 17 00 25 02 05 08 12 00 32 
LC: 34 21 85 2C 26 46 A6 21 AC P: 03 00 26 02 05 08 12 00 06 
LC: AC 21 89 2C 26 46 A6 21 35 P: 06 00 27 02 05 08 12 00 01 
LC: AC 21 A5 2C 26 46 A6 21 B1 P: 06 00 28 02 05 08 12 00 21 
LC: A6 21 A4 2C 26 46 A6 21 6D P: 12 00 29 02 05 08 12 00 0D 
LC: 64 21 8C 2C 26 46 A6 21 A2 P: 0C 00 2A 02 05 08 12 00 13 
LC: 96 21 84 2C 26 46 A6 21 8C P: 17 00 2B 02 05 08 12 00 2A 
LC: 42 21 A1 2C 26 46 A6 21 32 P: 18 00 2C 02 05 08 12 00 1F 
LC: 34 21 A9 2C 26 46 A6 21 85 P: 03 00 2D 02 05 08 12 00 26 
LC: 42 21 8D 2C 26 46 A6 21 65 P: 18 00 2E 02 05 08 12 00 3F 
LC: 36 21 AD 2C 26 46 A6 21 B6 P: 1D 00 2F 02 05 08 12 00 1C 
LC: 64 21 9A 2C 26 46 A6 21 34 P: 0C 00 30 02 05 08 12 00 03 
LC: 36 21 8A 2C 26 46 A6 21 49 P: 1D 00 31 02 05 08 12 00 34 
LC: 29 21 5A 2C 26 46 A6 21 94 P: 3B 00 32 02 05 08 12 00 15 
LC: 8C 21 4A 2C 26 46 A6 21 85 P: 2A 00 33 02 05 08 12 00 26 
LC: 8A 21 49 2C 26 46 A6 21 96 P: 31 00 34 02 05 08 12 00 17 
LC: 31 21 59 2C 26 46 A6 21 A5 P: 20 00 35 02 05 08 12 00 28 
LC: 31 21 52 2C 26 46 A6 21 9A P: 20 00 36 02 05 08 12 00 30 
LC: 29 21 51 2C 26 46 A6 21 36 P: 3B 00 37 02 05 08 12 00 1D 
LC: B6 21 25 2C 26 46 A6 21 4D P: 1C 00 38 02 05 08 12 00 3C 
LC: 24 21 2D 2C 26 46 A6 21 35 P: 07 00 39 02 05 08 12 00 01 
LC: 49 21 69 2C 26 46 A6 21 49 P: 34 00 3A 02 05 08 12 00 34 
LC: 62 21 29 2C 26 46 A6 21 65 P: 19 00 3B 02 05 08 12 00 3F 
LC: AD 21 4D 2C 26 46 A6 21 A4 P: 2F 00 3C 02 05 08 12 00 29 
LC: 49 21 45 2C 26 46 A6 21 B4 P: 34 00 3D 02 05 08 12 00 14 
LC: AD 21 61 2C 26 46 A6 21 56 P: 2F 00 3E 02 05 08 12 00 09 
LC: 8A 21 65 2C 26 46 A6 21 51 P: 31 00 3F 02 05 08 12 00 37 
LC: 4A 21 21 34 26 46 A6 21 84 P: 33 00 00 03 05 08 12 00 2B 
LC: 4D 21 35 34 26 46 A6 21 85 P: 3C 00 01 03 05 08 12 00 26 
LC: 95 21 2C 34 26 46 A6 21 66 P: 22 00 02 03 05 08 12 00 04 
LC: A5 21 34 34 26 46 A6 21 44 P: 28 00 03 03 05 08 12 00 0A 
LC: 6A 21 66 34 26 46 A6 21 84 P: 1B 00 04 03 05 08 12 00 2B 
LC: 52 21 26 34 26 46 A6 21 A5 P: 36 00 05 03 05 08 12 00 28 
LC: 25 21 AC 34 26 46 A6 21 62 P: 38 00 06 03 05 08 12 00 19 
LC: 2D 21 24 34 26 46 A6 21 2D P: 39 00 07 03 05 08 12 00 39 
LC: 22 21 46 34 26 46 A6 21 92 P: 1E 00 08 03 05 08 12 00 10 
LC: 6C 21 56 34 26 46 A6 21 65 P: 0F 00 09 03 05 08 12 00 3F 
LC: B2 21 44 34 26 46 A6 21 B2 P: 11 00 0A 03 05 08 12 00 11 
LC: 21 21 54 34 26 46 A6 21 95 P: 00 00 0B 03 05 08 12 00 22 
LC: B4 21 64 34 26 46 A6 21 52 P: 14 00 0C 03 05 08 12 00 36 
LC: 6A 21 6D 34 26 46 A6 21 B5 P: 1B 00 0D 03 05 08 12 00 23 
LC: 44 21 4C 34 26 46 A6 21 A1 P: 0A 00 0E 03 05 08 12 00 2C 
LC: 6C 21 6C 34 26 46 A6 21 6C P: 0F 00 0F 03 05 08 12 00 0F 
LC: 85 21 92 34 26 46 A6 21 96 P: 26 00 10 03 05 08 12 00 17 
LC: B5 21 B2 34 26 46 A6 21 49 P: 23 00 11 03 05 08 12 00 34 
LC: A1 21 A6 34 26 46 A6 21 45 P: 2C 00 12 03 05 08 12 00 3D 
LC: 5A 21 A2 34 26 46 A6 21 34 P: 32 00 13 03 05 08 12 00 03 
LC: 5A 21 B4 34 26 46 A6 21 A2 P: 32 00 14 03 05 08 12 00 13 
LC: 51 21 94 34 26 46 A6 21 25 P: 37 00 15 03 05 08 12 00 38 
LC: A4 21 86 34 26 46 A6 21 2A P: 29 00 16 03 05 08 12 00 1A 
LC: 25 21 96 34 26 46 A6 21 A4 P: 38 00 17 03 05 08 12 00 29 
LC: 21 21 42 34 26 46 A6 21 5A P: 00 00 18 03 05 08 12 00 32 
LC: 26 21 62 34 26 46 A6 21 94 P: 05 00 19 03 05 08 12 00 15 
LC: 4A 21 2A 34 26 46 A6 21 B5 P: 33 00 1A 03 05 08 12 00 23 
LC: 22 21 6A 34 26 46 A6 21 9A P: 1E 00 1B 03 05 08 12 00 30 
LC: 45 21 B6 34 26 46 A6 21 4C P: 3D 00 1C 03 05 08 12 00 0E 
LC: 89 21 36 34 26 46 A6 21 96 P: 27 00 1D 03 05 08 12 00 17 
LC: A5 21 22 34 26 46 A6 21 2A P: 28 00 1E 03 05 08 12 00 1A 
LC: 2D 21 32 34 26 46 A6 21 A4 P: 39 00 1F 03 05 08 12 00 29 
LC: 95 21 31 34 26 46 A6 21 B6 P: 22 00 20 03 05 08 12 00 1C 
LC: 25 21 B1 34 26 46 A6 21 35 P: 38 00 21 03 05 08 12 00 01 
LC: B5 21 95 34 26 46 A6 21 B6 P: 23 00 22 03 05 08 12 00 1C 
LC: 85 21 B5 34 26 46 A6 21 65 P: 26 00 23 03 05 08 12 00 3F 
LC: 45 21 91 34 26 46 A6 21 85 P: 3D 00 24 03 05 08 12 00 26 
LC: 85 21 99 34 26 46 A6 21 32 P: 26 00 25 03 05 08 12 00 1F 
LC: 5A 21 85 34 26 46 A6 21 84 P: 32 00 26 03 05 08 12 00 2B 
LC: 51 21 89 34 26 46 A6 21 9A P: 37 00 27 03 05 08 12 00 30 
LC: 51 21 A5 34 26 46 A6 21 92 P: 37 00 28 03 05 08 12 00 10 
LC: B5 21 A4 34 26 46 A6 21 91 P: 23 00 29 03 05 08 12 00 24 
LC: 45 21 8C 34 26 46 A6 21 61 P: 3D 00 2A 03 05 08 12 00 3E 
LC: 85 21 84 34 26 46 A6 21 24 P: 26 00 2B 03 05 08 12 00 07 
LC: A4 21 A1 34 26 46 A6 21 5A P: 29 00 2C 03 05 08 12 00 32 
LC: 5A 21 A9 34 26 46 A6 21 54 P: 32 00 2D 03 05 08 12 00 0B 
LC: A4 21 8D 34 26 46 A6 21 A6 P: 29 00 2E 03 05 08 12 00 12 
LC: A1 21 AD 34 26 46 A6 21 59 P: 2C 00 2F 03 05 08 12 00 35 
LC: 45 21 9A 34 26 46 A6 21 8D P: 3D 00 30 03 05 08 12 00 2E 
LC: A1 21 8A 34 26 46 A6 21 36 P: 2C 00 31 03 05 08 12 00 1D 
LC: 44 21 5A 34 26 46 A6 21 4D P: 0A 00 32 03 05 08 12 00 3C 
LC: 6A 21 4A 34 26 46 A6 21 54 P: 1B 00 33 03 05 08 12 00 0B 
LC: 21 21 49 34 26 46 A6 21 69 P: 00 00 34 03 05 08 12 00 3A 
LC: B2 21 59 34 26 46 A6 21 56 P: 11 00 35 03 05 08 12 00 09 
LC: B2 21 52 34 26 46 A6 21 35 P: 11 00 36 03 05 08 12 00 01 
LC: 44 21 51 34 26 46 A6 21 49 P: 0A 00 37 03 05 08 12 00 34 
LC: A9 21 25 34 26 46 A6 21 94 P: 2D 00 38 03 05 08 12 00 15 
LC: 52 21 2D 34 26 46 A6 21 9A P: 36 00 39 03 05 08 12 00 30 
LC: 26 21 69 34 26 46 A6 21 36 P: 05 00 3A 03 05 08 12 00 1D 
LC: A5 21 29 34 26 46 A6 21 A6 P: 28 00 3B 03 05 08 12 00 12 
LC: 22 21 4D 34 26 46 A6 21 46 P: 1E 00 3C 03 05 08 12 00 08 
LC: 26 21 45 34 26 46 A6 21 45 P: 05 00 3D 03 05 08 12 00 3D 
LC: 22 21 61 34 26 46 A6 21 A5 P: 1E 00 3E 03 05 08 12 00 28 
LC: 21 21 65 34 26 46 A6 21 2A P: 00 00 3F 03 05 08 12 00 1A 
CRC not Found
LC: 4D 21 35 66 26 46 A6 21 A5 P: 3C 00 01 04 05 08 12 00 28 
LC: 95 21 2C 66 26 46 A6 21 2C P: 22 00 02 04 05 08 12 00 02 
LC: A5 21 34 66 26 46 A6 21 64 P: 28 00 03 04 05 08 12 00 0C 
LC: 6A 21 66 66 26 46 A6 21 A4 P: 1B 00 04 04 05 08 12 00 29 
LC: 52 21 26 66 26 46 A6 21 85 P: 36 00 05 04 05 08 12 00 26 
LC: 25 21 AC 66 26 46 A6 21 6A P: 38 00 06 04 05 08 12 00 1B 
LC: 2D 21 24 66 26 46 A6 21 29 P: 39 00 07 04 05 08 12 00 3B 
LC: 22 21 46 66 26 46 A6 21 4C P: 1E 00 08 04 05 08 12 00 0E 
LC: 6C 21 56 66 26 46 A6 21 45 P: 0F 00 09 04 05 08 12 00 3D 
LC: B2 21 44 66 26 46 A6 21 A2 P: 11 00 0A 04 05 08 12 00 13 
LC: 21 21 54 66 26 46 A6 21 91 P: 00 00 0B 04 05 08 12 00 24 
LC: B4 21 64 66 26 46 A6 21 25 P: 14 00 0C 04 05 08 12 00 38 
LC: 6A 21 6D 66 26 46 A6 21 B1 P: 1B 00 0D 04 05 08 12 00 21 
LC: 44 21 4C 66 26 46 A6 21 8C P: 0A 00 0E 04 05 08 12 00 2A 
LC: 6C 21 6C 66 26 46 A6 21 6D P: 0F 00 0F 04 05 08 12 00 0D 
LC: 85 21 92 66 26 46 A6 21 94 P: 26 00 10 04 05 08 12 00 15 
LC: B5 21 B2 66 26 46 A6 21 5A P: 23 00 11 04 05 08 12 00 32 
LC: A1 21 A6 66 26 46 A6 21 65 P: 2C 00 12 04 05 08 12 00 3F 
LC: 5A 21 A2 66 26 46 A6 21 35 P: 32 00 13 04 05 08 12 00 01 
LC: 5A 21 B4 66 26 46 A6 21 B2 P: 32 00 14 04 05 08 12 00 11 
LC: 51 21 94 66 26 46 A6 21 52 P: 37 00 15 04 05 08 12 00 36 
LC: A4 21 86 66 26 46 A6 21 B6 P: 29 00 16 04 05 08 12 00 1C 
LC: 25 21 96 66 26 46 A6 21 84 P: 38 00 17 04 05 08 12 00 2B 
LC: 21 21 42 66 26 46 A6 21 49 P: 00 00 18 04 05 08 12 00 34 
LC: 26 21 62 66 26 46 A6 21 96 P: 05 00 19 04 05 08 12 00 17 
LC: 4A 21 2A 66 26 46 A6 21 B1 P: 33 00 1A 04 05 08 12 00 21 
LC: 22 21 6A 66 26 46 A6 21 8D P: 1E 00 1B 04 05 08 12 00 2E 
LC: 45 21 B6 66 26 46 A6 21 92 P: 3D 00 1C 04 05 08 12 00 10 
LC: 89 21 36 66 26 46 A6 21 94 P: 27 00 1D 04 05 08 12 00 15 
LC: A5 21 22 66 26 46 A6 21 B6 P: 28 00 1E 04 05 08 12 00 1C 
LC: 2D 21 32 66 26 46 A6 21 84 P: 39 00 1F 04 05 08 12 00 2B 
LC: 95 21 31 66 26 46 A6 21 2A P: 22 00 20 04 05 08 12 00 1A 
LC: 25 21 B1 66 26 46 A6 21 34 P: 38 00 21 04 05 08 12 00 03 
LC: B5 21 95 66 26 46 A6 21 2A P: 23 00 22 04 05 08 12 00 1A 
LC: 85 21 B5 66 26 46 A6 21 45 P: 26 00 23 04 05 08 12 00 3D 
LC: 45 21 91 66 26 46 A6 21 A5 P: 3D 00 24 04 05 08 12 00 28 
LC: 85 21 99 66 26 46 A6 21 36 P: 26 00 25 04 05 08 12 00 1D 
LC: 5A 21 85 66 26 46 A6 21 A4 P: 32 00 26 04 05 08 12 00 29 
LC: 51 21 89 66 26 46 A6 21 8D P: 37 00 27 04 05 08 12 00 2E 
LC: 51 21 A5 66 26 46 A6 21 4C P: 37 00 28 04 05 08 12 00 0E 
LC: B5 21 A4 66 26 46 A6 21 95 P: 23 00 29 04 05 08 12 00 22 
CRC not Found
LC: 85 21 84 66 26 46 A6 21 26 P: 26 00 2B 04 05 08 12 00 05 
LC: A4 21 A1 66 26 46 A6 21 49 P: 29 00 2C 04 05 08 12 00 34 
LC: 5A 21 A9 66 26 46 A6 21 56 P: 32 00 2D 04 05 08 12 00 09 
LC: A4 21 8D 66 26 46 A6 21 B4 P: 29 00 2E 04 05 08 12 00 14 
LC: A1 21 AD 66 26 46 A6 21 51 P: 2C 00 2F 04 05 08 12 00 37 
LC: 45 21 9A 66 26 46 A6 21 9A P: 3D 00 30 04 05 08 12 00 30 
LC: A1 21 8A 66 26 46 A6 21 32 P: 2C 00 31 04 05 08 12 00 1F 
LC: 44 21 5A 66 26 46 A6 21 69 P: 0A 00 32 04 05 08 12 00 3A 
LC: 6A 21 4A 66 26 46 A6 21 56 P: 1B 00 33 04 05 08 12 00 09 
LC: 21 21 49 66 26 46 A6 21 4D P: 00 00 34 04 05 08 12 00 3C 
LC: B2 21 59 66 26 46 A6 21 54 P: 11 00 35 04 05 08 12 00 0B 
LC: B2 21 52 66 26 46 A6 21 34 P: 11 00 36 04 05 08 12 00 03 
LC: 44 21 51 66 26 46 A6 21 5A P: 0A 00 37 04 05 08 12 00 32 
LC: A9 21 25 66 26 46 A6 21 96 P: 2D 00 38 04 05 08 12 00 17 
LC: 52 21 2D 66 26 46 A6 21 8D P: 36 00 39 04 05 08 12 00 2E 
LC: 26 21 69 66 26 46 A6 21 32 P: 05 00 3A 04 05 08 12 00 1F 
LC: A5 21 29 66 26 46 A6 21 B4 P: 28 00 3B 04 05 08 12 00 14 
CRC not Found
LC: 26 21 45 66 26 46 A6 21 65 P: 05 00 3D 04 05 08 12 00 3F 
LC: 22 21 61 66 26 46 A6 21 85 P: 1E 00 3E 04 05 08 12 00 26 
LC: 21 21 65 66 26 46 A6 21 B6 P: 00 00 3F 04 05 08 12 00 1C 
LC: 65 21 21 26 26 46 A6 21 56 P: 3F 00 00 05 05 08 12 00 09 
LC: 9A 21 35 26 26 46 A6 21 46 P: 30 00 01 05 05 08 12 00 08 
LC: 8D 21 2C 26 26 46 A6 21 95 P: 2E 00 02 05 05 08 12 00 22 
LC: 91 21 34 26 26 46 A6 21 A1 P: 24 00 03 05 05 08 12 00 2C 
LC: 96 21 66 26 26 46 A6 21 56 P: 17 00 04 05 05 08 12 00 09 
CRC not Found
LC: 49 21 AC 26 26 46 A6 21 29 P: 34 00 06 05 05 08 12 00 3B 
LC: 59 21 24 26 26 46 A6 21 6A P: 35 00 07 05 05 08 12 00 1B 
LC: A6 21 46 26 26 46 A6 21 8D P: 12 00 08 05 05 08 12 00 2E 
LC: 34 21 56 26 26 46 A6 21 36 P: 03 00 09 05 05 08 12 00 1D 
LC: 36 21 44 26 26 46 A6 21 4A P: 1D 00 0A 05 05 08 12 00 33 
LC: 64 21 54 26 26 46 A6 21 66 P: 0C 00 0B 05 05 08 12 00 04 
LC: 42 21 64 26 26 46 A6 21 42 P: 18 00 0C 05 05 08 12 00 18 
LC: 96 21 6D 26 26 46 A6 21 35 P: 17 00 0D 05 05 08 12 00 01 
LC: AC 21 4C 26 26 46 A6 21 44 P: 06 00 0E 05 05 08 12 00 0A 
LC: 34 21 6C 26 26 46 A6 21 A9 P: 03 00 0F 05 05 08 12 00 2D 
LC: 8C 21 92 26 26 46 A6 21 59 P: 2A 00 10 05 05 08 12 00 35 
LC: AD 21 B2 26 26 46 A6 21 A6 P: 2F 00 11 05 05 08 12 00 12 
LC: 31 21 A6 26 26 46 A6 21 32 P: 20 00 12 05 05 08 12 00 1F 
LC: 61 21 A2 26 26 46 A6 21 B1 P: 3E 00 13 05 05 08 12 00 21 
LC: 61 21 B4 26 26 46 A6 21 8A P: 3E 00 14 05 05 08 12 00 31 
LC: 29 21 94 26 26 46 A6 21 86 P: 3B 00 15 05 05 08 12 00 16 
LC: 99 21 86 26 26 46 A6 21 4D P: 25 00 16 05 05 08 12 00 3C 
LC: 49 21 96 26 26 46 A6 21 54 P: 34 00 17 05 05 08 12 00 0B 
LC: 64 21 42 26 26 46 A6 21 B4 P: 0C 00 18 05 05 08 12 00 14 
LC: 56 21 62 26 26 46 A6 21 51 P: 09 00 19 05 05 08 12 00 37 
LC: 65 21 2A 26 26 46 A6 21 35 P: 3F 00 1A 05 05 08 12 00 01 
LC: A6 21 6A 26 26 46 A6 21 4C P: 12 00 1B 05 05 08 12 00 0E 
LC: 8A 21 B6 26 26 46 A6 21 9A P: 31 00 1C 05 05 08 12 00 30 
LC: 84 21 36 26 26 46 A6 21 59 P: 2B 00 1D 05 05 08 12 00 35 
LC: 91 21 22 26 26 46 A6 21 4D P: 24 00 1E 05 05 08 12 00 3C 
LC: 59 21 32 26 26 46 A6 21 54 P: 35 00 1F 05 05 08 12 00 0B 
LC: 8D 21 31 26 26 46 A6 21 69 P: 2E 00 20 05 05 08 12 00 3A 
LC: 49 21 B1 26 26 46 A6 21 B5 P: 34 00 21 05 05 08 12 00 23 
LC: AD 21 95 26 26 46 A6 21 69 P: 2F 00 22 05 05 08 12 00 3A 
LC: 8C 21 B5 26 26 46 A6 21 36 P: 2A 00 23 05 05 08 12 00 1D 
LC: 8A 21 91 26 26 46 A6 21 46 P: 31 00 24 05 05 08 12 00 08 
LC: 8C 21 99 26 26 46 A6 21 45 P: 2A 00 25 05 05 08 12 00 3D 
LC: 61 21 85 26 26 46 A6 21 56 P: 3E 00 26 05 05 08 12 00 09 
LC: 29 21 89 26 26 46 A6 21 4C P: 3B 00 27 05 05 08 12 00 0E 
LC: 29 21 A5 26 26 46 A6 21 8D P: 3B 00 28 05 05 08 12 00 2E 
LC: AD 21 A4 26 26 46 A6 21 2C P: 2F 00 29 05 05 08 12 00 02 
LC: 8A 21 8C 26 26 46 A6 21 31 P: 31 00 2A 05 05 08 12 00 20 
LC: 8C 21 84 26 26 46 A6 21 99 P: 2A 00 2B 05 05 08 12 00 25 
LC: 99 21 A1 26 26 46 A6 21 B4 P: 25 00 2C 05 05 08 12 00 14 
LC: 61 21 A9 26 26 46 A6 21 A4 P: 3E 00 2D 05 05 08 12 00 29 
LC: 99 21 8D 26 26 46 A6 21 49 P: 25 00 2E 05 05 08 12 00 34 
LC: 31 21 AD 26 26 46 A6 21 96 P: 20 00 2F 05 05 08 12 00 17 
LC: 8A 21 9A 26 26 46 A6 21 92 P: 31 00 30 05 05 08 12 00 10 
LC: 31 21 8A 26 26 46 A6 21 65 P: 20 00 31 05 05 08 12 00 3F 
LC: AC 21 5A 26 26 46 A6 21 2A P: 06 00 32 05 05 08 12 00 1A 
LC: 96 21 4A 26 26 46 A6 21 A4 P: 17 00 33 05 05 08 12 00 29 
LC: 64 21 49 26 26 46 A6 21 B6 P: 0C 00 34 05 05 08 12 00 1C 
LC: 36 21 59 26 26 46 A6 21 84 P: 1D 00 35 05 05 08 12 00 2B 
LC: 36 21 52 26 26 46 A6 21 B5 P: 1D 00 36 05 05 08 12 00 23 
LC: AC 21 51 26 26 46 A6 21 A6 P: 06 00 37 05 05 08 12 00 12 
LC: B1 21 25 26 26 46 A6 21 51 P: 21 00 38 05 05 08 12 00 37 
LC: 69 21 2D 26 26 46 A6 21 4C P: 3A 00 39 05 05 08 12 00 0E 
LC: 56 21 69 26 26 46 A6 21 65 P: 09 00 3A 05 05 08 12 00 3F 
LC: 91 21 29 26 26 46 A6 21 49 P: 24 00 3B 05 05 08 12 00 34 
LC: A6 21 4D 26 26 46 A6 21 85 P: 12 00 3C 05 05 08 12 00 26 
LC: 56 21 45 26 26 46 A6 21 32 P: 09 00 3D 05 05 08 12 00 1F 
CRC not Found
LC: 64 21 65 26 26 46 A6 21 4D P: 0C 00 3F 05 05 08 12 00 3C 
LC: 45 21 21 AC 26 46 A6 21 34 P: 3D 00 00 06 05 08 12 00 03 
LC: 5A 21 35 AC 26 46 A6 21 4C P: 32 00 01 06 05 08 12 00 0E 
LC: A1 21 2C AC 26 46 A6 21 A1 P: 2C 00 02 06 05 08 12 00 2C 
LC: 85 21 34 AC 26 46 A6 21 95 P: 26 00 03 06 05 08 12 00 22 
LC: 94 21 66 AC 26 46 A6 21 34 P: 15 00 04 06 05 08 12 00 03 
LC: 25 21 26 AC 26 46 A6 21 92 P: 38 00 05 06 05 08 12 00 10 
LC: 52 21 AC AC 26 46 A6 21 8A P: 36 00 06 06 05 08 12 00 31 
LC: 51 21 24 AC 26 46 A6 21 B2 P: 37 00 07 06 05 08 12 00 11 
LC: 92 21 46 AC 26 46 A6 21 A5 P: 10 00 08 06 05 08 12 00 28 
LC: 35 21 56 AC 26 46 A6 21 96 P: 01 00 09 06 05 08 12 00 17 
LC: 32 21 44 AC 26 46 A6 21 2D P: 1F 00 0A 06 05 08 12 00 39 
LC: 4C 21 54 AC 26 46 A6 21 44 P: 0E 00 0B 06 05 08 12 00 0A 
LC: 2A 21 64 AC 26 46 A6 21 22 P: 1A 00 0C 06 05 08 12 00 1E 
LC: 94 21 6D AC 26 46 A6 21 54 P: 15 00 0D 06 05 08 12 00 0B 
LC: 66 21 4C AC 26 46 A6 21 66 P: 04 00 0E 06 05 08 12 00 04 
LC: 35 21 6C AC 26 46 A6 21 89 P: 01 00 0F 06 05 08 12 00 27 
LC: A5 21 92 AC 26 46 A6 21 65 P: 28 00 10 06 05 08 12 00 3F 
LC: A9 21 B2 AC 26 46 A6 21 B6 P: 2D 00 11 06 05 08 12 00 1C 
LC: 95 21 A6 AC 26 46 A6 21 94 P: 22 00 12 06 05 08 12 00 15 
LC: 4D 21 A2 AC 26 46 A6 21 84 P: 3C 00 13 06 05 08 12 00 2B 
LC: 4D 21 B4 AC 26 46 A6 21 29 P: 3C 00 14 06 05 08 12 00 3B 
LC: 2D 21 94 AC 26 46 A6 21 31 P: 39 00 15 06 05 08 12 00 20 
LC: 89 21 86 AC 26 46 A6 21 5A P: 27 00 16 06 05 08 12 00 32 
LC: 52 21 96 AC 26 46 A6 21 35 P: 36 00 17 06 05 08 12 00 01 
LC: 4C 21 42 AC 26 46 A6 21 2A P: 0E 00 18 06 05 08 12 00 1A 
LC: 54 21 62 AC 26 46 A6 21 45 P: 0B 00 19 06 05 08 12 00 3D 
LC: 45 21 2A AC 26 46 A6 21 54 P: 3D 00 1A 06 05 08 12 00 0B 
LC: 92 21 6A AC 26 46 A6 21 46 P: 10 00 1B 06 05 08 12 00 08 
LC: 4A 21 B6 AC 26 46 A6 21 85 P: 33 00 1C 06 05 08 12 00 26 
LC: A4 21 36 AC 26 46 A6 21 65 P: 29 00 1D 06 05 08 12 00 3F 
LC: 85 21 22 AC 26 46 A6 21 5A P: 26 00 1E 06 05 08 12 00 32 
LC: 51 21 32 AC 26 46 A6 21 35 P: 37 00 1F 06 05 08 12 00 01 
LC: A1 21 31 AC 26 46 A6 21 49 P: 2C 00 20 06 05 08 12 00 34 
LC: 52 21 B1 AC 26 46 A6 21 A4 P: 36 00 21 06 05 08 12 00 29 
LC: A9 21 95 AC 26 46 A6 21 49 P: 2D 00 22 06 05 08 12 00 34 
LC: A5 21 B5 AC 26 46 A6 21 96 P: 28 00 23 06 05 08 12 00 17 
LC: 4A 21 91 AC 26 46 A6 21 4C P: 33 00 24 06 05 08 12 00 0E 
LC: A5 21 99 AC 26 46 A6 21 51 P: 28 00 25 06 05 08 12 00 37 
LC: 4D 21 85 AC 26 46 A6 21 34 P: 3C 00 26 06 05 08 12 00 03 
LC: 2D 21 89 AC 26 46 A6 21 46 P: 39 00 27 06 05 08 12 00 08 
LC: 2D 21 A5 AC 26 46 A6 21 A5 P: 39 00 28 06 05 08 12 00 28 
LC: A9 21 A4 AC 26 46 A6 21 64 P: 2D 00 29 06 05 08 12 00 0C 
LC: 4A 21 8C AC 26 46 A6 21 86 P: 33 00 2A 06 05 08 12 00 16 
LC: A5 21 84 AC 26 46 A6 21 AD P: 28 00 2B 06 05 08 12 00 2F 
LC: 89 21 A1 AC 26 46 A6 21 2A P: 27 00 2C 06 05 08 12 00 1A 
LC: 4D 21 A9 AC 26 46 A6 21 B5 P: 3C 00 2D 06 05 08 12 00 23 
LC: 89 21 8D AC 26 46 A6 21 69 P: 27 00 2E 06 05 08 12 00 3A 
LC: 95 21 AD AC 26 46 A6 21 36 P: 22 00 2F 06 05 08 12 00 1D 
LC: 4A 21 9A AC 26 46 A6 21 AC P: 33 00 30 06 05 08 12 00 06 
LC: 95 21 8A AC 26 46 A6 21 59 P: 22 00 31 06 05 08 12 00 35 
LC: 66 21 5A AC 26 46 A6 21 B4 P: 04 00 32 06 05 08 12 00 14 
LC: 94 21 4A AC 26 46 A6 21 B5 P: 15 00 33 06 05 08 12 00 23 
LC: 4C 21 49 AC 26 46 A6 21 A6 P: 0E 00 34 06 05 08 12 00 12 
LC: 32 21 59 AC 26 46 A6 21 B1 P: 1F 00 35 06 05 08 12 00 21 
LC: 32 21 52 AC 26 46 A6 21 A4 P: 1F 00 36 06 05 08 12 00 29 
LC: 66 21 51 AC 26 46 A6 21 B6 P: 04 00 37 06 05 08 12 00 1C 
LC: B5 21 25 AC 26 46 A6 21 45 P: 23 00 38 06 05 08 12 00 3D 
LC: 25 21 2D AC 26 46 A6 21 46 P: 38 00 39 06 05 08 12 00 08 
LC: 54 21 69 AC 26 46 A6 21 59 P: 0B 00 3A 06 05 08 12 00 35 
LC: 85 21 29 AC 26 46 A6 21 69 P: 26 00 3B 06 05 08 12 00 3A 
LC: 92 21 4D AC 26 46 A6 21 9A P: 10 00 3C 06 05 08 12 00 30 
LC: 54 21 45 AC 26 46 A6 21 94 P: 0B 00 3D 06 05 08 12 00 15 
LC: 92 21 61 AC 26 46 A6 21 92 P: 10 00 3E 06 05 08 12 00 10 
LC: 4C 21 65 AC 26 46 A6 21 5A P: 0E 00 3F 06 05 08 12 00 32 
LC: 9A 21 21 24 26 46 A6 21 B5 P: 30 00 00 07 05 08 12 00 23 
LC: 65 21 35 24 26 46 A6 21 8D P: 3F 00 01 07 05 08 12 00 2E 
LC: B1 21 2C 24 26 46 A6 21 64 P: 21 00 02 07 05 08 12 00 0C 
LC: 84 21 34 24 26 46 A6 21 2C P: 2B 00 03 07 05 08 12 00 02 
LC: 42 21 66 24 26 46 A6 21 B5 P: 18 00 04 07 05 08 12 00 23 
LC: 59 21 26 24 26 46 A6 21 9A P: 35 00 05 07 05 08 12 00 30 
LC: 29 21 AC 24 26 46 A6 21 B2 P: 3B 00 06 07 05 08 12 00 11 
LC: 69 21 24 24 26 46 A6 21 8A P: 3A 00 07 07 05 08 12 00 31 
LC: 36 21 46 24 26 46 A6 21 46 P: 1D 00 08 07 05 08 12 00 08 
LC: 64 21 56 24 26 46 A6 21 51 P: 0C 00 09 07 05 08 12 00 37 
LC: A6 21 44 24 26 46 A6 21 62 P: 12 00 0A 07 05 08 12 00 19 
LC: 34 21 54 24 26 46 A6 21 8C P: 03 00 0B 07 05 08 12 00 2A 
LC: 96 21 64 24 26 46 A6 21 61 P: 17 00 0C 07 05 08 12 00 3E 
LC: 42 21 6D 24 26 46 A6 21 84 P: 18 00 0D 07 05 08 12 00 2B 
LC: 56 21 4C 24 26 46 A6 21 91 P: 09 00 0E 07 05 08 12 00 24 
LC: 64 21 6C 24 26 46 A6 21 24 P: 0C 00 0F 07 05 08 12 00 07 
LC: 99 21 92 24 26 46 A6 21 32 P: 25 00 10 07 05 08 12 00 1F 
LC: 31 21 B2 24 26 46 A6 21 4D P: 20 00 11 07 05 08 12 00 3C 
LC: AD 21 A6 24 26 46 A6 21 59 P: 2F 00 12 07 05 08 12 00 35 
LC: 8A 21 A2 24 26 46 A6 21 54 P: 31 00 13 07 05 08 12 00 0B 
LC: 8A 21 B4 24 26 46 A6 21 6A P: 31 00 14 07 05 08 12 00 1B 
LC: 59 21 94 24 26 46 A6 21 21 P: 35 00 15 07 05 08 12 00 00 
LC: 8C 21 86 24 26 46 A6 21 A6 P: 2A 00 16 07 05 08 12 00 12 
LC: 29 21 96 24 26 46 A6 21 B1 P: 3B 00 17 07 05 08 12 00 21 
LC: 34 21 42 24 26 46 A6 21 69 P: 03 00 18 07 05 08 12 00 3A 
LC: AC 21 62 24 26 46 A6 21 36 P: 06 00 19 07 05 08 12 00 1D 
LC: 9A 21 2A 24 26 46 A6 21 84 P: 30 00 1A 07 05 08 12 00 2B 
LC: 36 21 6A 24 26 46 A6 21 A5 P: 1D 00 1B 07 05 08 12 00 28 
CRC not Found
LC: 91 21 36 24 26 46 A6 21 32 P: 24 00 1D 07 05 08 12 00 1F 
LC: 84 21 22 24 26 46 A6 21 A6 P: 2B 00 1E 07 05 08 12 00 12 
LC: 69 21 32 24 26 46 A6 21 B1 P: 3A 00 1F 07 05 08 12 00 21 
LC: B1 21 31 24 26 46 A6 21 B4 P: 21 00 20 07 05 08 12 00 14 
LC: 29 21 B1 24 26 46 A6 21 56 P: 3B 00 21 07 05 08 12 00 09 
LC: 31 21 95 24 26 46 A6 21 B4 P: 20 00 22 07 05 08 12 00 14 
LC: 99 21 B5 24 26 46 A6 21 51 P: 25 00 23 07 05 08 12 00 37 
LC: 61 21 91 24 26 46 A6 21 8D P: 3E 00 24 07 05 08 12 00 2E 
LC: 99 21 99 24 26 46 A6 21 96 P: 25 00 25 07 05 08 12 00 17 
LC: 8A 21 85 24 26 46 A6 21 B5 P: 31 00 26 07 05 08 12 00 23 
LC: 49 21 89 24 26 46 A6 21 A5 P: 34 00 27 07 05 08 12 00 28 
LC: 49 21 A5 24 26 46 A6 21 46 P: 34 00 28 07 05 08 12 00 08 
LC: 31 21 A4 24 26 46 A6 21 A1 P: 20 00 29 07 05 08 12 00 2C 
LC: 61 21 8C 24 26 46 A6 21 52 P: 3E 00 2A 07 05 08 12 00 36 
LC: 99 21 84 24 26 46 A6 21 6C P: 25 00 2B 07 05 08 12 00 0F 
LC: 8C 21 A1 24 26 46 A6 21 69 P: 2A 00 2C 07 05 08 12 00 3A 
LC: 8A 21 A9 24 26 46 A6 21 34 P: 31 00 2D 07 05 08 12 00 03 
LC: 8C 21 8D 24 26 46 A6 21 2A P: 2A 00 2E 07 05 08 12 00 1A 
LC: AD 21 AD 24 26 46 A6 21 45 P: 2F 00 2F 07 05 08 12 00 3D 
LC: 61 21 9A 24 26 46 A6 21 85 P: 3E 00 30 07 05 08 12 00 26 
LC: AD 21 8A 24 26 46 A6 21 94 P: 2F 00 31 07 05 08 12 00 15 
LC: 56 21 5A 24 26 46 A6 21 49 P: 09 00 32 07 05 08 12 00 34 
LC: 42 21 4A 24 26 46 A6 21 34 P: 18 00 33 07 05 08 12 00 03 
LC: 34 21 49 24 26 46 A6 21 5A P: 03 00 34 07 05 08 12 00 32 
LC: A6 21 59 24 26 46 A6 21 35 P: 12 00 35 07 05 08 12 00 01 
LC: A6 21 52 24 26 46 A6 21 56 P: 12 00 36 07 05 08 12 00 09 
LC: 56 21 51 24 26 46 A6 21 4D P: 09 00 37 07 05 08 12 00 3C 
LC: 8D 21 25 24 26 46 A6 21 36 P: 2E 00 38 07 05 08 12 00 1D 
LC: 59 21 2D 24 26 46 A6 21 A5 P: 35 00 39 07 05 08 12 00 28 
LC: AC 21 69 24 26 46 A6 21 94 P: 06 00 3A 07 05 08 12 00 15 
LC: 84 21 29 24 26 46 A6 21 2A P: 2B 00 3B 07 05 08 12 00 1A 
LC: 36 21 4D 24 26 46 A6 21 92 P: 1D 00 3C 07 05 08 12 00 10 
LC: AC 21 45 24 26 46 A6 21 59 P: 06 00 3D 07 05 08 12 00 35 
LC: 36 21 61 24 26 46 A6 21 9A P: 1D 00 3E 07 05 08 12 00 30 
LC: 34 21 65 24 26 46 A6 21 A6 P: 03 00 3F 07 05 08 12 00 12 
LC: 59 21 21 46 26 46 A6 21 2D P: 35 00 00 08 05 08 12 00 39 
CRC not Found
LC: 91 21 2C 46 26 46 A6 21 A6 P: 24 00 02 08 05 08 12 00 12 
LC: 8D 21 34 46 26 46 A6 21 B6 P: 2E 00 03 08 05 08 12 00 1C 
LC: 36 21 66 46 26 46 A6 21 2D P: 1D 00 04 08 05 08 12 00 39 
LC: 9A 21 26 46 26 46 A6 21 52 P: 30 00 05 08 05 08 12 00 36 
LC: 61 21 AC 46 26 46 A6 21 54 P: 3E 00 06 08 05 08 12 00 0B 
LC: 65 21 24 46 26 46 A6 21 84 P: 3F 00 07 08 05 08 12 00 2B 
LC: 42 21 46 46 26 46 A6 21 22 P: 18 00 08 08 05 08 12 00 1E 
LC: 56 21 56 46 26 46 A6 21 A9 P: 09 00 09 08 05 08 12 00 2D 
LC: 96 21 44 46 26 46 A6 21 34 P: 17 00 0A 08 05 08 12 00 03 
LC: AC 21 54 46 26 46 A6 21 49 P: 06 00 0B 08 05 08 12 00 34 
LC: A6 21 64 46 26 46 A6 21 A5 P: 12 00 0C 08 05 08 12 00 28 
LC: 36 21 6D 46 26 46 A6 21 8A P: 1D 00 0D 08 05 08 12 00 31 
LC: 64 21 4C 46 26 46 A6 21 69 P: 0C 00 0E 08 05 08 12 00 3A 
LC: 56 21 6C 46 26 46 A6 21 36 P: 09 00 0F 08 05 08 12 00 1D 
LC: 31 21 92 46 26 46 A6 21 26 P: 20 00 10 08 05 08 12 00 05 
LC: 99 21 B2 46 26 46 A6 21 95 P: 25 00 11 08 05 08 12 00 22 
LC: 8C 21 A6 46 26 46 A6 21 AD P: 2A 00 12 08 05 08 12 00 2F 
LC: 49 21 A2 46 26 46 A6 21 B2 P: 34 00 13 08 05 08 12 00 11 
LC: 49 21 B4 46 26 46 A6 21 35 P: 34 00 14 08 05 08 12 00 01 
LC: 8A 21 94 46 26 46 A6 21 85 P: 31 00 15 08 05 08 12 00 26 
LC: AD 21 86 46 26 46 A6 21 64 P: 2F 00 16 08 05 08 12 00 0C 
LC: 61 21 96 46 26 46 A6 21 29 P: 3E 00 17 08 05 08 12 00 3B 
LC: AC 21 42 46 26 46 A6 21 91 P: 06 00 18 08 05 08 12 00 24 
LC: 34 21 62 46 26 46 A6 21 24 P: 03 00 19 08 05 08 12 00 07 
LC: 59 21 2A 46 26 46 A6 21 8A P: 35 00 1A 08 05 08 12 00 31 
LC: 42 21 6A 46 26 46 A6 21 61 P: 18 00 1B 08 05 08 12 00 3E 
LC: 29 21 B6 46 26 46 A6 21 31 P: 3B 00 1C 08 05 08 12 00 20 
LC: B1 21 36 46 26 46 A6 21 26 P: 21 00 1D 08 05 08 12 00 05 
LC: 8D 21 22 46 26 46 A6 21 64 P: 2E 00 1E 08 05 08 12 00 0C 
LC: 65 21 32 46 26 46 A6 21 29 P: 3F 00 1F 08 05 08 12 00 3B 
LC: 91 21 31 46 26 46 A6 21 44 P: 24 00 20 08 05 08 12 00 0A 
LC: 61 21 B1 46 26 46 A6 21 A2 P: 3E 00 21 08 05 08 12 00 13 
LC: 99 21 95 46 26 46 A6 21 44 P: 25 00 22 08 05 08 12 00 0A 
LC: 31 21 B5 46 26 46 A6 21 A9 P: 20 00 23 08 05 08 12 00 2D 
LC: 29 21 91 46 26 46 A6 21 25 P: 3B 00 24 08 05 08 12 00 38 
LC: 31 21 99 46 26 46 A6 21 6D P: 20 00 25 08 05 08 12 00 0D 
LC: 49 21 85 46 26 46 A6 21 2D P: 34 00 26 08 05 08 12 00 39 
LC: 8A 21 89 46 26 46 A6 21 61 P: 31 00 27 08 05 08 12 00 3E 
LC: 8A 21 A5 46 26 46 A6 21 22 P: 31 00 28 08 05 08 12 00 1E 
LC: 99 21 A4 46 26 46 A6 21 5A P: 25 00 29 08 05 08 12 00 32 
LC: 29 21 8C 46 26 46 A6 21 9A P: 3B 00 2A 08 05 08 12 00 30 
LC: 31 21 84 46 26 46 A6 21 94 P: 20 00 2B 08 05 08 12 00 15 
LC: AD 21 A1 46 26 46 A6 21 91 P: 2F 00 2C 08 05 08 12 00 24 
LC: 49 21 A9 46 26 46 A6 21 62 P: 34 00 2D 08 05 08 12 00 19 
LC: AD 21 8D 46 26 46 A6 21 66 P: 2F 00 2E 08 05 08 12 00 04 
LC: 8C 21 AD 46 26 46 A6 21 89 P: 2A 00 2F 08 05 08 12 00 27 
CRC not Found
LC: 8C 21 8A 46 26 46 A6 21 6C P: 2A 00 31 08 05 08 12 00 0F 
LC: 64 21 5A 46 26 46 A6 21 8C P: 0C 00 32 08 05 08 12 00 2A 
LC: 36 21 4A 46 26 46 A6 21 62 P: 1D 00 33 08 05 08 12 00 19 
LC: AC 21 49 46 26 46 A6 21 A1 P: 06 00 34 08 05 08 12 00 2C 
LC: 96 21 59 46 26 46 A6 21 6A P: 17 00 35 08 05 08 12 00 1B 
LC: 96 21 52 46 26 46 A6 21 A2 P: 17 00 36 08 05 08 12 00 13 
LC: 64 21 51 46 26 46 A6 21 95 P: 0C 00 37 08 05 08 12 00 22 
LC: 84 21 25 46 26 46 A6 21 24 P: 2B 00 38 08 05 08 12 00 07 
LC: 9A 21 2D 46 26 46 A6 21 61 P: 30 00 39 08 05 08 12 00 3E 
LC: 34 21 69 46 26 46 A6 21 6C P: 03 00 3A 08 05 08 12 00 0F 
LC: 8D 21 29 46 26 46 A6 21 66 P: 2E 00 3B 08 05 08 12 00 04 
LC: 42 21 4D 46 26 46 A6 21 86 P: 18 00 3C 08 05 08 12 00 16 
LC: 34 21 45 46 26 46 A6 21 AD P: 03 00 3D 08 05 08 12 00 2F 
LC: 42 21 61 46 26 46 A6 21 52 P: 18 00 3E 08 05 08 12 00 36 
LC: AC 21 65 46 26 46 A6 21 64 P: 06 00 3F 08 05 08 12 00 0C 
LC: 52 21 21 56 26 46 A6 21 8A P: 36 00 00 09 05 08 12 00 31 
CRC not Found
LC: 89 21 2C 56 26 46 A6 21 2A P: 27 00 02 09 05 08 12 00 1A 
LC: A9 21 34 56 26 46 A6 21 B4 P: 2D 00 03 09 05 08 12 00 14 
LC: 22 21 66 56 26 46 A6 21 8A P: 1E 00 04 09 05 08 12 00 31 
LC: 4A 21 26 56 26 46 A6 21 61 P: 33 00 05 09 05 08 12 00 3E 
LC: 45 21 AC 56 26 46 A6 21 34 P: 3D 00 06 09 05 08 12 00 03 
LC: 4D 21 24 56 26 46 A6 21 B5 P: 3C 00 07 09 05 08 12 00 23 
LC: 6A 21 46 56 26 46 A6 21 86 P: 1B 00 08 09 05 08 12 00 16 
LC: 44 21 56 56 26 46 A6 21 99 P: 0A 00 09 09 05 08 12 00 25 
LC: B4 21 44 56 26 46 A6 21 54 P: 14 00 0A 09 05 08 12 00 0B 
LC: 26 21 54 56 26 46 A6 21 4D P: 05 00 0B 09 05 08 12 00 3C 
LC: B2 21 64 56 26 46 A6 21 9A P: 11 00 0C 09 05 08 12 00 30 
LC: 22 21 6D 56 26 46 A6 21 2D P: 1E 00 0D 09 05 08 12 00 39 
LC: 6C 21 4C 56 26 46 A6 21 5A P: 0F 00 0E 09 05 08 12 00 32 
LC: 44 21 6C 56 26 46 A6 21 94 P: 0A 00 0F 09 05 08 12 00 15 
LC: B5 21 92 56 26 46 A6 21 6D P: 23 00 10 09 05 08 12 00 0D 
LC: 85 21 B2 56 26 46 A6 21 8C P: 26 00 11 09 05 08 12 00 2A 
LC: A4 21 A6 56 26 46 A6 21 89 P: 29 00 12 09 05 08 12 00 27 
LC: 51 21 A2 56 26 46 A6 21 62 P: 37 00 13 09 05 08 12 00 19 
LC: 51 21 B4 56 26 46 A6 21 56 P: 37 00 14 09 05 08 12 00 09 
LC: 5A 21 94 56 26 46 A6 21 8D P: 32 00 15 09 05 08 12 00 2E 
LC: A1 21 86 56 26 46 A6 21 66 P: 2C 00 16 09 05 08 12 00 04 
LC: 45 21 96 56 26 46 A6 21 4A P: 3D 00 17 09 05 08 12 00 33 
LC: 26 21 42 56 26 46 A6 21 A1 P: 05 00 18 09 05 08 12 00 2C 
LC: 21 21 62 56 26 46 A6 21 6C P: 00 00 19 09 05 08 12 00 0F 
LC: 52 21 2A 56 26 46 A6 21 2D P: 36 00 1A 09 05 08 12 00 39 
LC: 6A 21 6A 56 26 46 A6 21 52 P: 1B 00 1B 09 05 08 12 00 36 
LC: 25 21 B6 56 26 46 A6 21 42 P: 38 00 1C 09 05 08 12 00 18 
LC: 95 21 36 56 26 46 A6 21 6D P: 22 00 1D 09 05 08 12 00 0D 
LC: A9 21 22 56 26 46 A6 21 66 P: 2D 00 1E 09 05 08 12 00 04 
LC: 4D 21 32 56 26 46 A6 21 4A P: 3C 00 1F 09 05 08 12 00 33 
LC: 89 21 31 56 26 46 A6 21 2C P: 27 00 20 09 05 08 12 00 02 
LC: 45 21 B1 56 26 46 A6 21 6A P: 3D 00 21 09 05 08 12 00 1B 
LC: 85 21 95 56 26 46 A6 21 2C P: 26 00 22 09 05 08 12 00 02 
LC: B5 21 B5 56 26 46 A6 21 99 P: 23 00 23 09 05 08 12 00 25 
LC: 2D 21 91 56 26 46 A6 21 21 P: 39 00 24 09 05 08 12 00 00 
LC: B5 21 99 56 26 46 A6 21 26 P: 23 00 25 09 05 08 12 00 05 
LC: 51 21 85 56 26 46 A6 21 8A P: 37 00 26 09 05 08 12 00 31 
LC: 5A 21 89 56 26 46 A6 21 52 P: 32 00 27 09 05 08 12 00 36 
LC: 5A 21 A5 56 26 46 A6 21 86 P: 32 00 28 09 05 08 12 00 16 
LC: 85 21 A4 56 26 46 A6 21 69 P: 26 00 29 09 05 08 12 00 3A 
LC: 25 21 8C 56 26 46 A6 21 A5 P: 38 00 2A 09 05 08 12 00 28 
LC: B5 21 84 56 26 46 A6 21 36 P: 23 00 2B 09 05 08 12 00 1D 
LC: A1 21 A1 56 26 46 A6 21 A1 P: 2C 00 2C 09 05 08 12 00 2C 
LC: 51 21 A9 56 26 46 A6 21 B2 P: 37 00 2D 09 05 08 12 00 11 
LC: A1 21 8D 56 26 46 A6 21 64 P: 2C 00 2E 09 05 08 12 00 0C 
LC: A4 21 AD 56 26 46 A6 21 AD P: 29 00 2F 09 05 08 12 00 2F 
LC: 25 21 9A 56 26 46 A6 21 25 P: 38 00 30 09 05 08 12 00 38 
LC: A4 21 8A 56 26 46 A6 21 24 P: 29 00 31 09 05 08 12 00 07 
LC: 6C 21 5A 56 26 46 A6 21 95 P: 0F 00 32 09 05 08 12 00 22 
LC: 22 21 4A 56 26 46 A6 21 B2 P: 1E 00 33 09 05 08 12 00 11 
LC: 26 21 49 56 26 46 A6 21 91 P: 05 00 34 09 05 08 12 00 24 
LC: B4 21 59 56 26 46 A6 21 A2 P: 14 00 35 09 05 08 12 00 13 
LC: B4 21 52 56 26 46 A6 21 6A P: 14 00 36 09 05 08 12 00 1B 
LC: 6C 21 51 56 26 46 A6 21 8C P: 0F 00 37 09 05 08 12 00 2A 
LC: A5 21 25 56 26 46 A6 21 6C P: 28 00 38 09 05 08 12 00 0F 
LC: 4A 21 2D 56 26 46 A6 21 52 P: 33 00 39 09 05 08 12 00 36 
LC: 21 21 69 56 26 46 A6 21 24 P: 00 00 3A 09 05 08 12 00 07 
LC: A9 21 29 56 26 46 A6 21 64 P: 2D 00 3B 09 05 08 12 00 0C 
LC: 6A 21 4D 56 26 46 A6 21 22 P: 1B 00 3C 09 05 08 12 00 1E 
LC: 21 21 45 56 26 46 A6 21 89 P: 00 00 3D 09 05 08 12 00 27 
LC: 6A 21 61 56 26 46 A6 21 61 P: 1B 00 3E 09 05 08 12 00 3E 
LC: 26 21 65 56 26 46 A6 21 66 P: 05 00 3F 09 05 08 12 00 04 
LC: 69 21 21 44 26 46 A6 21 A2 P: 3A 00 00 0A 05 08 12 00 13 
LC: 59 21 35 44 26 46 A6 21 22 P: 35 00 01 0A 05 08 12 00 1E 
LC: 84 21 2C 44 26 46 A6 21 4D P: 2B 00 02 0A 05 08 12 00 3C 
LC: B1 21 34 44 26 46 A6 21 5A P: 21 00 03 0A 05 08 12 00 32 
LC: A6 21 66 44 26 46 A6 21 A2 P: 12 00 04 0A 05 08 12 00 13 
LC: 65 21 26 44 26 46 A6 21 31 P: 3F 00 05 0A 05 08 12 00 20 
LC: 8A 21 AC 44 26 46 A6 21 B1 P: 31 00 06 0A 05 08 12 00 21 
LC: 9A 21 24 44 26 46 A6 21 35 P: 30 00 07 0A 05 08 12 00 01 
LC: 96 21 46 44 26 46 A6 21 25 P: 17 00 08 0A 05 08 12 00 38 
LC: AC 21 56 44 26 46 A6 21 24 P: 06 00 09 0A 05 08 12 00 07 
LC: 42 21 44 44 26 46 A6 21 A4 P: 18 00 0A 0A 05 08 12 00 29 
LC: 56 21 54 44 26 46 A6 21 2A P: 09 00 0B 0A 05 08 12 00 1A 
LC: 36 21 64 44 26 46 A6 21 4C P: 1D 00 0C 0A 05 08 12 00 0E 
LC: A6 21 6D 44 26 46 A6 21 6A P: 12 00 0D 0A 05 08 12 00 1B 
LC: 34 21 4C 44 26 46 A6 21 B4 P: 03 00 0E 0A 05 08 12 00 14 
LC: AC 21 6C 44 26 46 A6 21 51 P: 06 00 0F 0A 05 08 12 00 37 
LC: AD 21 92 44 26 46 A6 21 AD P: 2F 00 10 0A 05 08 12 00 2F 
LC: 8C 21 B2 44 26 46 A6 21 64 P: 2A 00 11 0A 05 08 12 00 0C 
LC: 99 21 A6 44 26 46 A6 21 26 P: 25 00 12 0A 05 08 12 00 05 
LC: 29 21 A2 44 26 46 A6 21 29 P: 3B 00 13 0A 05 08 12 00 3B 
LC: 29 21 B4 44 26 46 A6 21 84 P: 3B 00 14 0A 05 08 12 00 2B 
LC: 61 21 94 44 26 46 A6 21 92 P: 3E 00 15 0A 05 08 12 00 10 
LC: 31 21 86 44 26 46 A6 21 95 P: 20 00 16 0A 05 08 12 00 22 
LC: 8A 21 96 44 26 46 A6 21 B2 P: 31 00 17 0A 05 08 12 00 11 
LC: 56 21 42 44 26 46 A6 21 44 P: 09 00 18 0A 05 08 12 00 0A 
LC: 64 21 62 44 26 46 A6 21 A9 P: 0C 00 19 0A 05 08 12 00 2D 
LC: 69 21 2A 44 26 46 A6 21 6A P: 3A 00 1A 0A 05 08 12 00 1B 
LC: 96 21 6A 44 26 46 A6 21 42 P: 17 00 1B 0A 05 08 12 00 18 
LC: 49 21 B6 44 26 46 A6 21 52 P: 34 00 1C 0A 05 08 12 00 36 
LC: 8D 21 36 44 26 46 A6 21 AD P: 2E 00 1D 0A 05 08 12 00 2F 
LC: B1 21 22 44 26 46 A6 21 95 P: 21 00 1E 0A 05 08 12 00 22 
LC: 9A 21 32 44 26 46 A6 21 B2 P: 30 00 1F 0A 05 08 12 00 11 
LC: 84 21 31 44 26 46 A6 21 91 P: 2B 00 20 0A 05 08 12 00 24 
LC: 8A 21 B1 44 26 46 A6 21 2D P: 31 00 21 0A 05 08 12 00 39 
LC: 8C 21 95 44 26 46 A6 21 91 P: 2A 00 22 0A 05 08 12 00 24 
LC: AD 21 B5 44 26 46 A6 21 24 P: 2F 00 23 0A 05 08 12 00 07 
LC: 49 21 91 44 26 46 A6 21 22 P: 34 00 24 0A 05 08 12 00 1E 
LC: AD 21 99 44 26 46 A6 21 89 P: 2F 00 25 0A 05 08 12 00 27 
LC: 29 21 85 44 26 46 A6 21 A2 P: 3B 00 26 0A 05 08 12 00 13 
LC: 61 21 89 44 26 46 A6 21 42 P: 3E 00 27 0A 05 08 12 00 18 
LC: 61 21 A5 44 26 46 A6 21 25 P: 3E 00 28 0A 05 08 12 00 38 
LC: 8C 21 A4 44 26 46 A6 21 B6 P: 2A 00 29 0A 05 08 12 00 1C 
CRC not Found
LC: AD 21 84 44 26 46 A6 21 65 P: 2F 00 2B 0A 05 08 12 00 3F 
LC: 31 21 A1 44 26 46 A6 21 44 P: 20 00 2C 0A 05 08 12 00 0A 
LC: 29 21 A9 44 26 46 A6 21 4A P: 3B 00 2D 0A 05 08 12 00 33 
LC: 31 21 8D 44 26 46 A6 21 8C P: 20 00 2E 0A 05 08 12 00 2A 
LC: 99 21 AD 44 26 46 A6 21 6D P: 25 00 2F 0A 05 08 12 00 0D 
LC: 49 21 9A 44 26 46 A6 21 86 P: 34 00 30 0A 05 08 12 00 16 
LC: 99 21 8A 44 26 46 A6 21 99 P: 25 00 31 0A 05 08 12 00 25 
LC: 34 21 5A 44 26 46 A6 21 66 P: 03 00 32 0A 05 08 12 00 04 
LC: A6 21 4A 44 26 46 A6 21 4A P: 12 00 33 0A 05 08 12 00 33 
LC: 56 21 49 44 26 46 A6 21 2C P: 09 00 34 0A 05 08 12 00 02 
LC: 42 21 59 44 26 46 A6 21 8A P: 18 00 35 0A 05 08 12 00 31 
LC: 42 21 52 44 26 46 A6 21 2D P: 18 00 36 0A 05 08 12 00 39 
LC: 34 21 51 44 26 46 A6 21 64 P: 03 00 37 0A 05 08 12 00 0C 
LC: 91 21 25 44 26 46 A6 21 A9 P: 24 00 38 0A 05 08 12 00 2D 
LC: 65 21 2D 44 26 46 A6 21 42 P: 3F 00 39 0A 05 08 12 00 18 
LC: 64 21 69 44 26 46 A6 21 99 P: 0C 00 3A 0A 05 08 12 00 25 
LC: B1 21 29 44 26 46 A6 21 8C P: 21 00 3B 0A 05 08 12 00 2A 
CRC not Found
LC: 64 21 45 44 26 46 A6 21 26 P: 0C 00 3D 0A 05 08 12 00 05 
CRC not Found
LC: 56 21 65 44 26 46 A6 21 95 P: 09 00 3F 0A 05 08 12 00 22 
LC: 2D 21 21 54 26 46 A6 21 6A P: 39 00 00 0B 05 08 12 00 1B 
LC: 52 21 35 54 26 46 A6 21 86 P: 36 00 01 0B 05 08 12 00 16 
LC: A5 21 2C 54 26 46 A6 21 49 P: 28 00 02 0B 05 08 12 00 34 
LC: 95 21 34 54 26 46 A6 21 69 P: 22 00 03 0B 05 08 12 00 3A 
LC: B2 21 66 54 26 46 A6 21 6A P: 11 00 04 0B 05 08 12 00 1B 
LC: 4D 21 26 54 26 46 A6 21 42 P: 3C 00 05 0B 05 08 12 00 18 
LC: 5A 21 AC 54 26 46 A6 21 A4 P: 32 00 06 0B 05 08 12 00 29 
LC: 4A 21 24 54 26 46 A6 21 56 P: 33 00 07 0B 05 08 12 00 09 
LC: 94 21 46 54 26 46 A6 21 21 P: 15 00 08 0B 05 08 12 00 00 
LC: 26 21 56 54 26 46 A6 21 6C P: 05 00 09 0B 05 08 12 00 0F 
LC: 6A 21 44 54 26 46 A6 21 B1 P: 1B 00 0A 0B 05 08 12 00 21 
LC: 44 21 54 54 26 46 A6 21 A6 P: 0A 00 0B 0B 05 08 12 00 12 
CRC not Found
LC: B2 21 6D 54 26 46 A6 21 A2 P: 11 00 0D 0B 05 08 12 00 13 
LC: 21 21 4C 54 26 46 A6 21 B6 P: 00 00 0E 0B 05 08 12 00 1C 
LC: 26 21 6C 54 26 46 A6 21 65 P: 05 00 0F 0B 05 08 12 00 3F 
LC: A1 21 92 54 26 46 A6 21 89 P: 2C 00 10 0B 05 08 12 00 27 
LC: A4 21 B2 54 26 46 A6 21 66 P: 29 00 11 0B 05 08 12 00 04 
LC: 85 21 A6 54 26 46 A6 21 6D P: 26 00 12 0B 05 08 12 00 0D 
LC: 25 21 A2 54 26 46 A6 21 4A P: 38 00 13 0B 05 08 12 00 33 
LC: 25 21 B4 54 26 46 A6 21 B5 P: 38 00 14 0B 05 08 12 00 23 
LC: 45 21 94 54 26 46 A6 21 46 P: 3D 00 15 0B 05 08 12 00 08 
LC: B5 21 86 54 26 46 A6 21 8C P: 23 00 16 0B 05 08 12 00 2A 
LC: 5A 21 96 54 26 46 A6 21 62 P: 32 00 17 0B 05 08 12 00 19 
LC: 44 21 42 54 26 46 A6 21 2C P: 0A 00 18 0B 05 08 12 00 02 
LC: 6C 21 62 54 26 46 A6 21 99 P: 0F 00 19 0B 05 08 12 00 25 
LC: 2D 21 2A 54 26 46 A6 21 A2 P: 39 00 1A 0B 05 08 12 00 13 
LC: B4 21 6A 54 26 46 A6 21 31 P: 14 00 1B 0B 05 08 12 00 20 
LC: 51 21 B6 54 26 46 A6 21 61 P: 37 00 1C 0B 05 08 12 00 3E 
LC: A9 21 36 54 26 46 A6 21 89 P: 2D 00 1D 0B 05 08 12 00 27 
LC: 95 21 22 54 26 46 A6 21 8C P: 22 00 1E 0B 05 08 12 00 2A 
LC: 4A 21 32 54 26 46 A6 21 62 P: 33 00 1F 0B 05 08 12 00 19 
CRC not Found
LC: 5A 21 B1 54 26 46 A6 21 8A P: 32 00 21 0B 05 08 12 00 31 
LC: A4 21 95 54 26 46 A6 21 A1 P: 29 00 22 0B 05 08 12 00 2C 
LC: A1 21 B5 54 26 46 A6 21 6C P: 2C 00 23 0B 05 08 12 00 0F 
LC: 51 21 91 54 26 46 A6 21 86 P: 37 00 24 0B 05 08 12 00 16 
LC: A1 21 99 54 26 46 A6 21 AD P: 2C 00 25 0B 05 08 12 00 2F 
LC: 25 21 85 54 26 46 A6 21 6A P: 38 00 26 0B 05 08 12 00 1B 
LC: 45 21 89 54 26 46 A6 21 31 P: 3D 00 27 0B 05 08 12 00 20 
CRC not Found
LC: A4 21 A4 54 26 46 A6 21 B4 P: 29 00 29 0B 05 08 12 00 14 
LC: 51 21 8C 54 26 46 A6 21 4C P: 37 00 2A 0B 05 08 12 00 0E 
LC: A1 21 84 54 26 46 A6 21 51 P: 2C 00 2B 0B 05 08 12 00 37 
LC: B5 21 A1 54 26 46 A6 21 2C P: 23 00 2C 0B 05 08 12 00 02 
LC: 25 21 A9 54 26 46 A6 21 29 P: 38 00 2D 0B 05 08 12 00 3B 
LC: B5 21 8D 54 26 46 A6 21 95 P: 23 00 2E 0B 05 08 12 00 22 
LC: 85 21 AD 54 26 46 A6 21 26 P: 26 00 2F 0B 05 08 12 00 05 
LC: 51 21 9A 54 26 46 A6 21 22 P: 37 00 30 0B 05 08 12 00 1E 
LC: 85 21 8A 54 26 46 A6 21 A9 P: 26 00 31 0B 05 08 12 00 2D 
LC: 21 21 5A 54 26 46 A6 21 64 P: 00 00 32 0B 05 08 12 00 0C 
LC: B2 21 4A 54 26 46 A6 21 29 P: 11 00 33 0B 05 08 12 00 3B 
LC: 44 21 49 54 26 46 A6 21 44 P: 0A 00 34 0B 05 08 12 00 0A 
LC: 6A 21 59 54 26 46 A6 21 2D P: 1B 00 35 0B 05 08 12 00 39 
LC: 6A 21 52 54 26 46 A6 21 8A P: 1B 00 36 0B 05 08 12 00 31 
LC: 21 21 51 54 26 46 A6 21 66 P: 00 00 37 0B 05 08 12 00 04 
LC: 89 21 25 54 26 46 A6 21 99 P: 27 00 38 0B 05 08 12 00 25 
LC: 4D 21 2D 54 26 46 A6 21 31 P: 3C 00 39 0B 05 08 12 00 20 
LC: 6C 21 69 54 26 46 A6 21 A9 P: 0F 00 3A 0B 05 08 12 00 2D 
LC: 95 21 29 54 26 46 A6 21 95 P: 22 00 3B 0B 05 08 12 00 22 
LC: B4 21 4D 54 26 46 A6 21 25 P: 14 00 3C 0B 05 08 12 00 38 
LC: 6C 21 45 54 26 46 A6 21 6D P: 0F 00 3D 0B 05 08 12 00 0D 
LC: B4 21 61 54 26 46 A6 21 42 P: 14 00 3E 0B 05 08 12 00 18 
LC: 44 21 65 54 26 46 A6 21 8C P: 0A 00 3F 0B 05 08 12 00 2A 
LC: 4D 21 21 64 26 46 A6 21 34 P: 3C 00 00 0C 05 08 12 00 03 
LC: 4A 21 35 64 26 46 A6 21 4C P: 33 00 01 0C 05 08 12 00 0E 
LC: A9 21 2C 64 26 46 A6 21 A1 P: 2D 00 02 0C 05 08 12 00 2C 
LC: 89 21 34 64 26 46 A6 21 95 P: 27 00 03 0C 05 08 12 00 22 
LC: B4 21 66 64 26 46 A6 21 34 P: 14 00 04 0C 05 08 12 00 03 
LC: 2D 21 26 64 26 46 A6 21 92 P: 39 00 05 0C 05 08 12 00 10 
LC: 51 21 AC 64 26 46 A6 21 8A P: 37 00 06 0C 05 08 12 00 31 
LC: 52 21 24 64 26 46 A6 21 B2 P: 36 00 07 0C 05 08 12 00 11 
LC: B2 21 46 64 26 46 A6 21 A5 P: 11 00 08 0C 05 08 12 00 28 
LC: 21 21 56 64 26 46 A6 21 96 P: 00 00 09 0C 05 08 12 00 17 
LC: 22 21 44 64 26 46 A6 21 2D P: 1E 00 0A 0C 05 08 12 00 39 
LC: 6C 21 54 64 26 46 A6 21 44 P: 0F 00 0B 0C 05 08 12 00 0A 
LC: 6A 21 64 64 26 46 A6 21 22 P: 1B 00 0C 0C 05 08 12 00 1E 
LC: B4 21 6D 64 26 46 A6 21 54 P: 14 00 0D 0C 05 08 12 00 0B 
LC: 26 21 4C 64 26 46 A6 21 66 P: 05 00 0E 0C 05 08 12 00 04 
LC: 21 21 6C 64 26 46 A6 21 89 P: 00 00 0F 0C 05 08 12 00 27 
LC: A4 21 92 64 26 46 A6 21 65 P: 29 00 10 0C 05 08 12 00 3F 
LC: A1 21 B2 64 26 46 A6 21 B6 P: 2C 00 11 0C 05 08 12 00 1C 
LC: B5 21 A6 64 26 46 A6 21 94 P: 23 00 12 0C 05 08 12 00 15 
LC: 45 21 A2 64 26 46 A6 21 84 P: 3D 00 13 0C 05 08 12 00 2B 
LC: 45 21 B4 64 26 46 A6 21 29 P: 3D 00 14 0C 05 08 12 00 3B 
LC: 25 21 94 64 26 46 A6 21 31 P: 38 00 15 0C 05 08 12 00 20 
LC: 85 21 86 64 26 46 A6 21 5A P: 26 00 16 0C 05 08 12 00 32 
LC: 51 21 96 64 26 46 A6 21 35 P: 37 00 17 0C 05 08 12 00 01 
LC: 6C 21 42 64 26 46 A6 21 2A P: 0F 00 18 0C 05 08 12 00 1A 
LC: 44 21 62 64 26 46 A6 21 45 P: 0A 00 19 0C 05 08 12 00 3D 
LC: 4D 21 2A 64 26 46 A6 21 54 P: 3C 00 1A 0C 05 08 12 00 0B 
LC: B2 21 6A 64 26 46 A6 21 46 P: 11 00 1B 0C 05 08 12 00 08 
LC: 5A 21 B6 64 26 46 A6 21 85 P: 32 00 1C 0C 05 08 12 00 26 
LC: A5 21 36 64 26 46 A6 21 65 P: 28 00 1D 0C 05 08 12 00 3F 
LC: 89 21 22 64 26 46 A6 21 5A P: 27 00 1E 0C 05 08 12 00 32 
LC: 52 21 32 64 26 46 A6 21 35 P: 36 00 1F 0C 05 08 12 00 01 
LC: A9 21 31 64 26 46 A6 21 49 P: 2D 00 20 0C 05 08 12 00 34 
LC: 51 21 B1 64 26 46 A6 21 A4 P: 37 00 21 0C 05 08 12 00 29 
LC: A1 21 95 64 26 46 A6 21 49 P: 2C 00 22 0C 05 08 12 00 34 
LC: A4 21 B5 64 26 46 A6 21 96 P: 29 00 23 0C 05 08 12 00 17 
LC: 5A 21 91 64 26 46 A6 21 4C P: 32 00 24 0C 05 08 12 00 0E 
LC: A4 21 99 64 26 46 A6 21 51 P: 29 00 25 0C 05 08 12 00 37 
LC: 45 21 85 64 26 46 A6 21 34 P: 3D 00 26 0C 05 08 12 00 03 
LC: 25 21 89 64 26 46 A6 21 46 P: 38 00 27 0C 05 08 12 00 08 
LC: 25 21 A5 64 26 46 A6 21 A5 P: 38 00 28 0C 05 08 12 00 28 
LC: A1 21 A4 64 26 46 A6 21 64 P: 2C 00 29 0C 05 08 12 00 0C 
LC: 5A 21 8C 64 26 46 A6 21 86 P: 32 00 2A 0C 05 08 12 00 16 
LC: A4 21 84 64 26 46 A6 21 AD P: 29 00 2B 0C 05 08 12 00 2F 
LC: 85 21 A1 64 26 46 A6 21 2A P: 26 00 2C 0C 05 08 12 00 1A 
LC: 45 21 A9 64 26 46 A6 21 B5 P: 3D 00 2D 0C 05 08 12 00 23 
LC: 85 21 8D 64 26 46 A6 21 69 P: 26 00 2E 0C 05 08 12 00 3A 
LC: B5 21 AD 64 26 46 A6 21 36 P: 23 00 2F 0C 05 08 12 00 1D 
CRC not Found
LC: B5 21 8A 64 26 46 A6 21 59 P: 23 00 31 0C 05 08 12 00 35 
LC: 26 21 5A 64 26 46 A6 21 B4 P: 05 00 32 0C 05 08 12 00 14 
LC: B4 21 4A 64 26 46 A6 21 B5 P: 14 00 33 0C 05 08 12 00 23 
LC: 6C 21 49 64 26 46 A6 21 A6 P: 0F 00 34 0C 05 08 12 00 12 
LC: 22 21 59 64 26 46 A6 21 B1 P: 1E 00 35 0C 05 08 12 00 21 
LC: 22 21 52 64 26 46 A6 21 A4 P: 1E 00 36 0C 05 08 12 00 29 
LC: 26 21 51 64 26 46 A6 21 B6 P: 05 00 37 0C 05 08 12 00 1C 
LC: 95 21 25 64 26 46 A6 21 45 P: 22 00 38 0C 05 08 12 00 3D 
LC: 2D 21 2D 64 26 46 A6 21 46 P: 39 00 39 0C 05 08 12 00 08 
LC: 44 21 69 64 26 46 A6 21 59 P: 0A 00 3A 0C 05 08 12 00 35 
LC: 89 21 29 64 26 46 A6 21 69 P: 27 00 3B 0C 05 08 12 00 3A 
LC: B2 21 4D 64 26 46 A6 21 9A P: 11 00 3C 0C 05 08 12 00 30 
LC: 44 21 45 64 26 46 A6 21 94 P: 0A 00 3D 0C 05 08 12 00 15 
LC: B2 21 61 64 26 46 A6 21 92 P: 11 00 3E 0C 05 08 12 00 10 
LC: 6C 21 65 64 26 46 A6 21 5A P: 0F 00 3F 0C 05 08 12 00 32 
LC: 69 21 21 6D 26 46 A6 21 B4 P: 3A 00 00 0D 05 08 12 00 14 
LC: 59 21 35 6D 26 46 A6 21 36 P: 35 00 01 0D 05 08 12 00 1D 
LC: 84 21 2C 6D 26 46 A6 21 29 P: 2B 00 02 0D 05 08 12 00 3B 
LC: B1 21 34 6D 26 46 A6 21 8A P: 21 00 03 0D 05 08 12 00 31 
LC: A6 21 66 6D 26 46 A6 21 B4 P: 12 00 04 0D 05 08 12 00 14 
LC: 65 21 26 6D 26 46 A6 21 32 P: 3F 00 05 0D 05 08 12 00 1F 
LC: 8A 21 AC 6D 26 46 A6 21 95 P: 31 00 06 0D 05 08 12 00 22 
LC: 9A 21 24 6D 26 46 A6 21 2C P: 30 00 07 0D 05 08 12 00 02 
LC: 96 21 46 6D 26 46 A6 21 51 P: 17 00 08 0D 05 08 12 00 37 
LC: AC 21 56 6D 26 46 A6 21 46 P: 06 00 09 0D 05 08 12 00 08 
LC: 42 21 44 6D 26 46 A6 21 8C P: 18 00 0A 0D 05 08 12 00 2A 
LC: 56 21 54 6D 26 46 A6 21 62 P: 09 00 0B 0D 05 08 12 00 19 
LC: 36 21 64 6D 26 46 A6 21 6D P: 1D 00 0C 0D 05 08 12 00 0D 
LC: A6 21 6D 6D 26 46 A6 21 B6 P: 12 00 0D 0D 05 08 12 00 1C 
LC: 34 21 4C 6D 26 46 A6 21 A2 P: 03 00 0E 0D 05 08 12 00 13 
LC: AC 21 6C 6D 26 46 A6 21 25 P: 06 00 0F 0D 05 08 12 00 38 
LC: AD 21 92 6D 26 46 A6 21 9A P: 2F 00 10 0D 05 08 12 00 30 
LC: 8C 21 B2 6D 26 46 A6 21 54 P: 2A 00 11 0D 05 08 12 00 0B 
LC: 99 21 A6 6D 26 46 A6 21 AC P: 25 00 12 0D 05 08 12 00 06 
LC: 29 21 A2 6D 26 46 A6 21 4D P: 3B 00 13 0D 05 08 12 00 3C 
LC: 29 21 B4 6D 26 46 A6 21 A1 P: 3B 00 14 0D 05 08 12 00 2C 
LC: 61 21 94 6D 26 46 A6 21 6C P: 3E 00 15 0D 05 08 12 00 0F 
LC: 31 21 86 6D 26 46 A6 21 B1 P: 20 00 16 0D 05 08 12 00 21 
LC: 8A 21 96 6D 26 46 A6 21 A6 P: 31 00 17 0D 05 08 12 00 12 
LC: 56 21 42 6D 26 46 A6 21 56 P: 09 00 18 0D 05 08 12 00 09 
LC: 64 21 62 6D 26 46 A6 21 8D P: 0C 00 19 0D 05 08 12 00 2E 
LC: 69 21 2A 6D 26 46 A6 21 B6 P: 3A 00 1A 0D 05 08 12 00 1C 
LC: 96 21 6A 6D 26 46 A6 21 96 P: 17 00 1B 0D 05 08 12 00 17 
LC: 49 21 B6 6D 26 46 A6 21 59 P: 34 00 1C 0D 05 08 12 00 35 
LC: 8D 21 36 6D 26 46 A6 21 9A P: 2E 00 1D 0D 05 08 12 00 30 
LC: B1 21 22 6D 26 46 A6 21 B1 P: 21 00 1E 0D 05 08 12 00 21 
LC: 9A 21 32 6D 26 46 A6 21 A6 P: 30 00 1F 0D 05 08 12 00 12 
LC: 84 21 31 6D 26 46 A6 21 B5 P: 2B 00 20 0D 05 08 12 00 23 
LC: 8A 21 B1 6D 26 46 A6 21 69 P: 31 00 21 0D 05 08 12 00 3A 
LC: 8C 21 95 6D 26 46 A6 21 B5 P: 2A 00 22 0D 05 08 12 00 23 
LC: AD 21 B5 6D 26 46 A6 21 46 P: 2F 00 23 0D 05 08 12 00 08 
LC: 49 21 91 6D 26 46 A6 21 36 P: 34 00 24 0D 05 08 12 00 1D 
LC: AD 21 99 6D 26 46 A6 21 A5 P: 2F 00 25 0D 05 08 12 00 28 
LC: 29 21 85 6D 26 46 A6 21 B4 P: 3B 00 26 0D 05 08 12 00 14 
LC: 61 21 89 6D 26 46 A6 21 96 P: 3E 00 27 0D 05 08 12 00 17 
LC: 61 21 A5 6D 26 46 A6 21 51 P: 3E 00 28 0D 05 08 12 00 37 
LC: 8C 21 A4 6D 26 46 A6 21 6A P: 2A 00 29 0D 05 08 12 00 1B 
LC: 49 21 8C 6D 26 46 A6 21 26 P: 34 00 2A 0D 05 08 12 00 05 
CRC not Found
LC: 31 21 A1 6D 26 46 A6 21 56 P: 20 00 2C 0D 05 08 12 00 09 
LC: 29 21 A9 6D 26 46 A6 21 49 P: 3B 00 2D 0D 05 08 12 00 34 
LC: 31 21 8D 6D 26 46 A6 21 A4 P: 20 00 2E 0D 05 08 12 00 29 
LC: 99 21 AD 6D 26 46 A6 21 4C P: 25 00 2F 0D 05 08 12 00 0E 
LC: 49 21 9A 6D 26 46 A6 21 94 P: 34 00 30 0D 05 08 12 00 15 
LC: 99 21 8A 6D 26 46 A6 21 85 P: 25 00 31 0D 05 08 12 00 26 
LC: 34 21 5A 6D 26 46 A6 21 34 P: 03 00 32 0D 05 08 12 00 03 
LC: A6 21 4A 6D 26 46 A6 21 49 P: 12 00 33 0D 05 08 12 00 34 
LC: 56 21 49 6D 26 46 A6 21 35 P: 09 00 34 0D 05 08 12 00 01 
LC: 42 21 59 6D 26 46 A6 21 5A P: 18 00 35 0D 05 08 12 00 32 
LC: 42 21 52 6D 26 46 A6 21 69 P: 18 00 36 0D 05 08 12 00 3A 
LC: 34 21 51 6D 26 46 A6 21 54 P: 03 00 37 0D 05 08 12 00 0B 
LC: 91 21 25 6D 26 46 A6 21 8D P: 24 00 38 0D 05 08 12 00 2E 
LC: 65 21 2D 6D 26 46 A6 21 96 P: 3F 00 39 0D 05 08 12 00 17 
LC: 64 21 69 6D 26 46 A6 21 85 P: 0C 00 3A 0D 05 08 12 00 26 
LC: B1 21 29 6D 26 46 A6 21 A4 P: 21 00 3B 0D 05 08 12 00 29 
LC: 96 21 4D 6D 26 46 A6 21 65 P: 17 00 3C 0D 05 08 12 00 3F 
CRC not Found
LC: 96 21 61 6D 26 46 A6 21 32 P: 17 00 3E 0D 05 08 12 00 1F 
LC: 56 21 65 6D 26 46 A6 21 B1 P: 09 00 3F 0D 05 08 12 00 21 
LC: 46 21 21 4C 26 46 A6 21 52 P: 08 00 00 0E 05 08 12 00 36 
LC: 24 21 35 4C 26 46 A6 21 29 P: 07 00 01 0E 05 08 12 00 3B 
LC: 62 21 2C 4C 26 46 A6 21 36 P: 19 00 02 0E 05 08 12 00 1D 
LC: A2 21 34 4C 26 46 A6 21 96 P: 13 00 03 0E 05 08 12 00 17 
LC: 31 21 66 4C 26 46 A6 21 52 P: 20 00 04 0E 05 08 12 00 36 
LC: 6D 21 26 4C 26 46 A6 21 2D P: 0D 00 05 0E 05 08 12 00 39 
LC: 34 21 AC 4C 26 46 A6 21 46 P: 03 00 06 0E 05 08 12 00 08 
LC: 2C 21 24 4C 26 46 A6 21 A5 P: 02 00 07 0E 05 08 12 00 28 
LC: 99 21 46 4C 26 46 A6 21 B2 P: 25 00 08 0E 05 08 12 00 11 
LC: 49 21 56 4C 26 46 A6 21 95 P: 34 00 09 0E 05 08 12 00 22 
LC: 8C 21 44 4C 26 46 A6 21 92 P: 2A 00 0A 0E 05 08 12 00 10 
LC: 29 21 54 4C 26 46 A6 21 65 P: 3B 00 0B 0E 05 08 12 00 3F 
LC: AD 21 64 4C 26 46 A6 21 84 P: 2F 00 0C 0E 05 08 12 00 2B 
LC: 31 21 6D 4C 26 46 A6 21 61 P: 20 00 0D 0E 05 08 12 00 3E 
LC: 8A 21 4C 4C 26 46 A6 21 59 P: 31 00 0E 0E 05 08 12 00 35 
LC: 49 21 6C 4C 26 46 A6 21 A6 P: 34 00 0F 0E 05 08 12 00 12 
LC: 36 21 92 4C 26 46 A6 21 44 P: 1D 00 10 0E 05 08 12 00 0A 
LC: 42 21 B2 4C 26 46 A6 21 A9 P: 18 00 11 0E 05 08 12 00 2D 
LC: 96 21 A6 4C 26 46 A6 21 91 P: 17 00 12 0E 05 08 12 00 24 
LC: 56 21 A2 4C 26 46 A6 21 22 P: 09 00 13 0E 05 08 12 00 1E 
LC: 56 21 B4 4C 26 46 A6 21 4C P: 09 00 14 0E 05 08 12 00 0E 
LC: 64 21 94 4C 26 46 A6 21 A4 P: 0C 00 15 0E 05 08 12 00 29 
LC: A6 21 86 4C 26 46 A6 21 24 P: 12 00 16 0E 05 08 12 00 07 
LC: 34 21 96 4C 26 46 A6 21 25 P: 03 00 17 0E 05 08 12 00 38 
LC: 29 21 42 4C 26 46 A6 21 AD P: 3B 00 18 0E 05 08 12 00 2F 
LC: 61 21 62 4C 26 46 A6 21 64 P: 3E 00 19 0E 05 08 12 00 0C 
LC: 46 21 2A 4C 26 46 A6 21 61 P: 08 00 1A 0E 05 08 12 00 3E 
LC: 99 21 6A 4C 26 46 A6 21 8A P: 25 00 1B 0E 05 08 12 00 31 
LC: AC 21 B6 4C 26 46 A6 21 A2 P: 06 00 1C 0E 05 08 12 00 13 
LC: B6 21 36 4C 26 46 A6 21 44 P: 1C 00 1D 0E 05 08 12 00 0A 
LC: A2 21 22 4C 26 46 A6 21 24 P: 13 00 1E 0E 05 08 12 00 07 
LC: 2C 21 32 4C 26 46 A6 21 25 P: 02 00 1F 0E 05 08 12 00 38 
LC: 62 21 31 4C 26 46 A6 21 26 P: 19 00 20 0E 05 08 12 00 05 
LC: 34 21 B1 4C 26 46 A6 21 31 P: 03 00 21 0E 05 08 12 00 20 
LC: 42 21 95 4C 26 46 A6 21 26 P: 18 00 22 0E 05 08 12 00 05 
LC: 36 21 B5 4C 26 46 A6 21 95 P: 1D 00 23 0E 05 08 12 00 22 
LC: AC 21 91 4C 26 46 A6 21 29 P: 06 00 24 0E 05 08 12 00 3B 
LC: 36 21 99 4C 26 46 A6 21 2C P: 1D 00 25 0E 05 08 12 00 02 
LC: 56 21 85 4C 26 46 A6 21 52 P: 09 00 26 0E 05 08 12 00 36 
LC: 64 21 89 4C 26 46 A6 21 8A P: 0C 00 27 0E 05 08 12 00 31 
LC: 64 21 A5 4C 26 46 A6 21 B2 P: 0C 00 28 0E 05 08 12 00 11 
LC: 42 21 A4 4C 26 46 A6 21 45 P: 18 00 29 0E 05 08 12 00 3D 
LC: AC 21 8C 4C 26 46 A6 21 B5 P: 06 00 2A 0E 05 08 12 00 23 
LC: 36 21 84 4C 26 46 A6 21 2A P: 1D 00 2B 0E 05 08 12 00 1A 
LC: A6 21 A1 4C 26 46 A6 21 AD P: 12 00 2C 0E 05 08 12 00 2F 
LC: 56 21 A9 4C 26 46 A6 21 86 P: 09 00 2D 0E 05 08 12 00 16 
LC: A6 21 8D 4C 26 46 A6 21 6C P: 12 00 2E 0E 05 08 12 00 0F 
LC: 96 21 AD 4C 26 46 A6 21 A1 P: 17 00 2F 0E 05 08 12 00 2C 
LC: AC 21 9A 4C 26 46 A6 21 4A P: 06 00 30 0E 05 08 12 00 33 
LC: 96 21 8A 4C 26 46 A6 21 66 P: 17 00 31 0E 05 08 12 00 04 
LC: 8A 21 5A 4C 26 46 A6 21 99 P: 31 00 32 0E 05 08 12 00 25 
LC: 31 21 4A 4C 26 46 A6 21 86 P: 20 00 33 0E 05 08 12 00 16 
LC: 29 21 49 4C 26 46 A6 21 89 P: 3B 00 34 0E 05 08 12 00 27 
LC: 8C 21 59 4C 26 46 A6 21 42 P: 2A 00 35 0E 05 08 12 00 18 
LC: 8C 21 52 4C 26 46 A6 21 31 P: 2A 00 36 0E 05 08 12 00 20 
LC: 8A 21 51 4C 26 46 A6 21 A9 P: 31 00 37 0E 05 08 12 00 2D 
LC: 86 21 25 4C 26 46 A6 21 64 P: 16 00 38 0E 05 08 12 00 0C 
LC: 6D 21 2D 4C 26 46 A6 21 8A P: 0D 00 39 0E 05 08 12 00 31 
LC: 61 21 69 4C 26 46 A6 21 66 P: 3E 00 3A 0E 05 08 12 00 04 
LC: A2 21 29 4C 26 46 A6 21 6C P: 13 00 3B 0E 05 08 12 00 0F 
LC: 99 21 4D 4C 26 46 A6 21 62 P: 25 00 3C 0E 05 08 12 00 19 
LC: 61 21 45 4C 26 46 A6 21 91 P: 3E 00 3D 0E 05 08 12 00 24 
LC: 99 21 61 4C 26 46 A6 21 2D P: 25 00 3E 0E 05 08 12 00 39 
LC: 29 21 65 4C 26 46 A6 21 24 P: 3B 00 3F 0E 05 08 12 00 07 
LC: 4C 21 21 6C 26 46 A6 21 85 P: 0E 00 00 0F 05 08 12 00 26 
LC: 35 21 35 6C 26 46 A6 21 84 P: 01 00 01 0F 05 08 12 00 2B 
LC: 32 21 2C 6C 26 46 A6 21 6D P: 1F 00 02 0F 05 08 12 00 0D 
LC: 94 21 34 6C 26 46 A6 21 24 P: 15 00 03 0F 05 08 12 00 07 
LC: 85 21 66 6C 26 46 A6 21 85 P: 26 00 04 0F 05 08 12 00 26 
LC: 54 21 26 6C 26 46 A6 21 A4 P: 0B 00 05 0F 05 08 12 00 29 
LC: 26 21 AC 6C 26 46 A6 21 42 P: 05 00 06 0F 05 08 12 00 18 
LC: 66 21 24 6C 26 46 A6 21 25 P: 04 00 07 0F 05 08 12 00 38 
LC: B5 21 46 6C 26 46 A6 21 35 P: 23 00 08 0F 05 08 12 00 01 
LC: 5A 21 56 6C 26 46 A6 21 5A P: 32 00 09 0F 05 08 12 00 32 
LC: A1 21 44 6C 26 46 A6 21 31 P: 2C 00 0A 0F 05 08 12 00 20 
LC: 45 21 54 6C 26 46 A6 21 AD P: 3D 00 0B 0F 05 08 12 00 2F 
LC: A4 21 64 6C 26 46 A6 21 29 P: 29 00 0C 0F 05 08 12 00 3B 
LC: 85 21 6D 6C 26 46 A6 21 8D P: 26 00 0D 0F 05 08 12 00 2E 
LC: 51 21 4C 6C 26 46 A6 21 99 P: 37 00 0E 0F 05 08 12 00 25 
LC: 5A 21 6C 6C 26 46 A6 21 2C P: 32 00 0F 0F 05 08 12 00 02 
LC: 6A 21 92 6C 26 46 A6 21 2A P: 1B 00 10 0F 05 08 12 00 1A 
LC: 22 21 B2 6C 26 46 A6 21 45 P: 1E 00 11 0F 05 08 12 00 3D 
LC: B2 21 A6 6C 26 46 A6 21 49 P: 11 00 12 0F 05 08 12 00 34 
LC: 6C 21 A2 6C 26 46 A6 21 4C P: 0F 00 13 0F 05 08 12 00 0E 
LC: 6C 21 B4 6C 26 46 A6 21 22 P: 0F 00 14 0F 05 08 12 00 1E 
LC: 44 21 94 6C 26 46 A6 21 2D P: 0A 00 15 0F 05 08 12 00 39 
LC: B4 21 86 6C 26 46 A6 21 96 P: 14 00 16 0F 05 08 12 00 17 
LC: 26 21 96 6C 26 46 A6 21 A5 P: 05 00 17 0F 05 08 12 00 28 
LC: 45 21 42 6C 26 46 A6 21 65 P: 3D 00 18 0F 05 08 12 00 3F 
LC: 25 21 62 6C 26 46 A6 21 B6 P: 38 00 19 0F 05 08 12 00 1C 
LC: 4C 21 2A 6C 26 46 A6 21 8D P: 0E 00 1A 0F 05 08 12 00 2E 
LC: B5 21 6A 6C 26 46 A6 21 B1 P: 23 00 1B 0F 05 08 12 00 21 
LC: 21 21 B6 6C 26 46 A6 21 34 P: 00 00 1C 0F 05 08 12 00 03 
LC: 2A 21 36 6C 26 46 A6 21 2A P: 1A 00 1D 0F 05 08 12 00 1A 
LC: 94 21 22 6C 26 46 A6 21 96 P: 15 00 1E 0F 05 08 12 00 17 
LC: 66 21 32 6C 26 46 A6 21 A5 P: 04 00 1F 0F 05 08 12 00 28 
LC: 32 21 31 6C 26 46 A6 21 94 P: 1F 00 20 0F 05 08 12 00 15 
LC: 26 21 B1 6C 26 46 A6 21 92 P: 05 00 21 0F 05 08 12 00 10 
LC: 22 21 95 6C 26 46 A6 21 94 P: 1E 00 22 0F 05 08 12 00 15 
LC: 6A 21 B5 6C 26 46 A6 21 5A P: 1B 00 23 0F 05 08 12 00 32 
LC: 21 21 91 6C 26 46 A6 21 84 P: 00 00 24 0F 05 08 12 00 2B 
LC: 6A 21 99 6C 26 46 A6 21 A6 P: 1B 00 25 0F 05 08 12 00 12 
LC: 6C 21 85 6C 26 46 A6 21 85 P: 0F 00 26 0F 05 08 12 00 26 
LC: 44 21 89 6C 26 46 A6 21 B1 P: 0A 00 27 0F 05 08 12 00 21 
LC: 44 21 A5 6C 26 46 A6 21 35 P: 0A 00 28 0F 05 08 12 00 01 
LC: 22 21 A4 6C 26 46 A6 21 A9 P: 1E 00 29 0F 05 08 12 00 2D 
LC: 21 21 8C 6C 26 46 A6 21 4A P: 00 00 2A 0F 05 08 12 00 33 
LC: 6A 21 84 6C 26 46 A6 21 44 P: 1B 00 2B 0F 05 08 12 00 0A 
LC: B4 21 A1 6C 26 46 A6 21 65 P: 14 00 2C 0F 05 08 12 00 3F 
LC: 6C 21 A9 6C 26 46 A6 21 AC P: 0F 00 2D 0F 05 08 12 00 06 
LC: B4 21 8D 6C 26 46 A6 21 32 P: 14 00 2E 0F 05 08 12 00 1F 
LC: B2 21 AD 6C 26 46 A6 21 4D P: 11 00 2F 0F 05 08 12 00 3C 
LC: 21 21 9A 6C 26 46 A6 21 B5 P: 00 00 30 0F 05 08 12 00 23 
LC: B2 21 8A 6C 26 46 A6 21 B4 P: 11 00 31 0F 05 08 12 00 14 
LC: 51 21 5A 6C 26 46 A6 21 59 P: 37 00 32 0F 05 08 12 00 35 
CRC not Found
LC: 45 21 49 6C 26 46 A6 21 51 P: 3D 00 34 0F 05 08 12 00 37 
LC: A1 21 59 6C 26 46 A6 21 46 P: 2C 00 35 0F 05 08 12 00 08 
LC: A1 21 52 6C 26 46 A6 21 92 P: 2C 00 36 0F 05 08 12 00 10 
LC: 51 21 51 6C 26 46 A6 21 45 P: 37 00 37 0F 05 08 12 00 3D 
LC: 92 21 25 6C 26 46 A6 21 B6 P: 10 00 38 0F 05 08 12 00 1C 
LC: 54 21 2D 6C 26 46 A6 21 B1 P: 0B 00 39 0F 05 08 12 00 21 
LC: 25 21 69 6C 26 46 A6 21 B4 P: 38 00 3A 0F 05 08 12 00 14 
LC: 94 21 29 6C 26 46 A6 21 32 P: 15 00 3B 0F 05 08 12 00 1F 
LC: B5 21 4D 6C 26 46 A6 21 56 P: 23 00 3C 0F 05 08 12 00 09 
LC: 25 21 45 6C 26 46 A6 21 49 P: 38 00 3D 0F 05 08 12 00 34 
LC: B5 21 61 6C 26 46 A6 21 A4 P: 23 00 3E 0F 05 08 12 00 29 
LC: 45 21 65 6C 26 46 A6 21 96 P: 3D 00 3F 0F 05 08 12 00 17 
LC: 4D 21 21 92 26 46 A6 21 26 P: 3C 00 00 10 05 08 12 00 05 
LC: 4A 21 35 92 26 46 A6 21 64 P: 33 00 01 10 05 08 12 00 0C 
LC: A9 21 2C 92 26 46 A6 21 8D P: 2D 00 02 10 05 08 12 00 2E 
LC: 89 21 34 92 26 46 A6 21 A5 P: 27 00 03 10 05 08 12 00 28 
LC: B4 21 66 92 26 46 A6 21 26 P: 14 00 04 10 05 08 12 00 05 
LC: 2D 21 26 92 26 46 A6 21 44 P: 39 00 05 10 05 08 12 00 0A 
LC: 51 21 AC 92 26 46 A6 21 51 P: 37 00 06 10 05 08 12 00 37 
LC: 52 21 24 92 26 46 A6 21 96 P: 36 00 07 10 05 08 12 00 17 
LC: B2 21 46 92 26 46 A6 21 95 P: 11 00 08 10 05 08 12 00 22 
LC: 21 21 56 92 26 46 A6 21 B2 P: 00 00 09 10 05 08 12 00 11 
LC: 22 21 44 92 26 46 A6 21 65 P: 1E 00 0A 10 05 08 12 00 3F 
LC: 6C 21 54 92 26 46 A6 21 92 P: 0F 00 0B 10 05 08 12 00 10 
LC: 6A 21 64 92 26 46 A6 21 B6 P: 1B 00 0C 10 05 08 12 00 1C 
LC: B4 21 6D 92 26 46 A6 21 6D P: 14 00 0D 10 05 08 12 00 0D 
LC: 26 21 4C 92 26 46 A6 21 AC P: 05 00 0E 10 05 08 12 00 06 
LC: 21 21 6C 92 26 46 A6 21 B1 P: 00 00 0F 10 05 08 12 00 21 
LC: A4 21 92 92 26 46 A6 21 2D P: 29 00 10 10 05 08 12 00 39 
LC: A1 21 B2 92 26 46 A6 21 22 P: 2C 00 11 10 05 08 12 00 1E 
LC: B5 21 A6 92 26 46 A6 21 A2 P: 23 00 12 10 05 08 12 00 13 
LC: 45 21 A2 92 26 46 A6 21 A9 P: 3D 00 13 10 05 08 12 00 2D 
LC: 45 21 B4 92 26 46 A6 21 45 P: 3D 00 14 10 05 08 12 00 3D 
LC: 25 21 94 92 26 46 A6 21 2A P: 38 00 15 10 05 08 12 00 1A 
LC: 85 21 86 92 26 46 A6 21 25 P: 26 00 16 10 05 08 12 00 38 
LC: 51 21 96 92 26 46 A6 21 24 P: 37 00 17 10 05 08 12 00 07 
LC: 6C 21 42 92 26 46 A6 21 31 P: 0F 00 18 10 05 08 12 00 20 
LC: 44 21 62 92 26 46 A6 21 29 P: 0A 00 19 10 05 08 12 00 3B 
LC: 4D 21 2A 92 26 46 A6 21 6D P: 3C 00 1A 10 05 08 12 00 0D 
LC: B2 21 6A 92 26 46 A6 21 2C P: 11 00 1B 10 05 08 12 00 02 
LC: 5A 21 B6 92 26 46 A6 21 91 P: 32 00 1C 10 05 08 12 00 24 
LC: A5 21 36 92 26 46 A6 21 2D P: 28 00 1D 10 05 08 12 00 39 
LC: 89 21 22 92 26 46 A6 21 25 P: 27 00 1E 10 05 08 12 00 38 
LC: 52 21 32 92 26 46 A6 21 24 P: 36 00 1F 10 05 08 12 00 07 
LC: A9 21 31 92 26 46 A6 21 52 P: 2D 00 20 10 05 08 12 00 36 
LC: 51 21 B1 92 26 46 A6 21 AD P: 37 00 21 10 05 08 12 00 2F 
LC: A1 21 95 92 26 46 A6 21 52 P: 2C 00 22 10 05 08 12 00 36 
LC: A4 21 B5 92 26 46 A6 21 B2 P: 29 00 23 10 05 08 12 00 11 
LC: 5A 21 91 92 26 46 A6 21 64 P: 32 00 24 10 05 08 12 00 0C 
LC: A4 21 99 92 26 46 A6 21 8A P: 29 00 25 10 05 08 12 00 31 
LC: 45 21 85 92 26 46 A6 21 26 P: 3D 00 26 10 05 08 12 00 05 
LC: 25 21 89 92 26 46 A6 21 2C P: 38 00 27 10 05 08 12 00 02 
LC: 25 21 A5 92 26 46 A6 21 95 P: 38 00 28 10 05 08 12 00 22 
LC: A1 21 A4 92 26 46 A6 21 4C P: 2C 00 29 10 05 08 12 00 0E 
LC: 5A 21 8C 92 26 46 A6 21 B4 P: 32 00 2A 10 05 08 12 00 14 
LC: A4 21 84 92 26 46 A6 21 A4 P: 29 00 2B 10 05 08 12 00 29 
LC: 85 21 A1 92 26 46 A6 21 31 P: 26 00 2C 10 05 08 12 00 20 
LC: 45 21 A9 92 26 46 A6 21 99 P: 3D 00 2D 10 05 08 12 00 25 
LC: 89 21 8D 92 26 46 A6 21 21 P: 27 00 2E 10 05 08 12 00 00 
LC: B5 21 AD 92 26 46 A6 21 6A P: 23 00 2F 10 05 08 12 00 1B 
LC: 5A 21 9A 92 26 46 A6 21 66 P: 32 00 30 10 05 08 12 00 04 
LC: B5 21 8A 92 26 46 A6 21 4A P: 23 00 31 10 05 08 12 00 33 
LC: 26 21 5A 92 26 46 A6 21 86 P: 05 00 32 10 05 08 12 00 16 
LC: B4 21 4A 92 26 46 A6 21 99 P: 14 00 33 10 05 08 12 00 25 
LC: 6C 21 49 92 26 46 A6 21 42 P: 0F 00 34 10 05 08 12 00 18 
LC: 22 21 59 92 26 46 A6 21 89 P: 1E 00 35 10 05 08 12 00 27 
